94472
77508
21233
26693
25953
73641
22908
63174
75520
29595
51639
20669
45946
56199
90217
91680
36006
24174
79348
35200
7403
47662
69430
35650
27530
93667
33758
89521
52272
45933
46314
96970
42872
31766
68264
36134
10606
40250
27757
48269
99471
54054
42018
15064
26234
38441
41970
53864
46941
89290
21553
77965
78247
17400
48448
39312
39374
68897
99000
81514
61380
64050
26278
39787
56712
76356
44501
25689
44292
60567
17519
47244
88778
96545
41410
17905
35983
90998
2646
51832
43917
92778
68795
83404
67395
79568
63469
84811
50080
64061
41611
26041
72158
53415
84073
96945
26159
67336
43543
47533
1890
31687
67400
50623
86727
25446
57085
89684
28371
83146
78259
11108
23942
35103
68850
12392
47819
31067
4758
89863
92998
93221
69379
77907
81728
6532
71596
16140
66422
97085
49722
43407
40723
64649
26707
32050
80985
82661
21571
19204
31863
81104
36926
74035
83180
82846
79295
10640
94597
57022
73239
74641
1997
97604
7025
13217
94068
9137
42844
64412
79893
98896
3232
76352
6941
65622
85867
34641
26335
8631
95756
1230
24297
99303
48716
27868
5309
53271
30606
3392
53647
82463
3959
79979
34641
776
54531
20770
13461
3401
50872
55612
65778
8219
88249
99075
82334
12081
32329
97759
39535
46820
31420
9235
55078
94625
54402
90686
12359
81717
12705
8824
38968
26485
4385
44290
25665
8711
75268
28776
58071
63124
33140
4322
32122
56346
74946
36669
27172
71586
11190
98282
67366
57620
67025
3133
21180
51747
99443
11585
99200
46082
3537
15948
23234
51158
92738
60780
53821
33358
41675
53445
16888
58671
73023
17138
98233
94387
64339
97149
41833
86886
54944
8592
29208
89009
74591
7838
71880
66772
96841
48973
64430
51382
97811
57381
96973
61128
72105
53913
56304
83975
65385
99786
72368
7901
58695
18233
1020
41885
14225
4519
18194
31593
71421
90376
93516
78443
56520
24568
2414
96537
66580
43233
17445
54976
99830
85931
34186
52066
53642
19325
79755
16041
36073
1302
16668
56692
13477
41797
94893
74704
29074
93000
37735
42024
95624
74100
90452
89244
41183
44382
16970
74493
70911
24910
1584
72848
81631
39329
55492
39768
92964
20399
11004
71097
19039
53611
96915
47355
75193
93416
40735
95715
79756
3918
78773
93001
77118
70238
87427
11096
55122
28374
37679
21070
33492
26105
12029
56306
66270
67401
10295
632
37359
63619
69020
52700
71999
76564
70991
57551
27680
54819
24208
58981
45823
95925
48005
69305
9627
64910
90563
44186
46780
33169
9849
44599
37309
49133
39634
79340
14034
50919
66847
59184
56582
2021
13305
84552
99077
88146
27644
15984
76572
2564
80640
31183
85162
64278
98403
37635
57253
72089
96509
57394
56453
45028
43920
62720
33569
30392
37474
29056
76221
15941
9751
7169
30766
18341
25287
91713
51635
49454
17412
41307
96086
5583
72246
90289
17845
25113
60983
67183
7237
51308
67048
90934
8781
17909
19960
38982
78582
31390
14329
46448
84481
3291
74995
81749
61389
66678
50087
46480
82611
28032
91279
96320
21462
2999
39926
9719
96304
14353
39804
13643
64577
93740
19499
70310
56299
98352
32364
73248
80760
9075
34167
23005
72804
78499
47608
84553
9115
82186
55620
49621
9672
11048
60773
68663
23178
18791
667
93029
27904
12232
1427
97869
72249
28198
41887
50100
33342
4290
85280
25295
14306
30475
39769
46300
75252
28475
58250
66218
42199
94866
97414
71923
44651
9942
41034
33878
89947
51246
99622
35639
11334
87352
94484
81711
13772
99232
43288
36677
64328
85637
13928
95249
50276
77919
13711
97694
91037
6757
31408
45918
98999
54201
58388
27280
13153
25143
19083
489
41199
93899
56559
53190
91072
26925
61479
71204
51333
75186
98090
44164
1144
11229
1272
69084
81701
91653
17847
8741
62542
30526
43152
28395
42319
48228
15686
17889
29134
47857
63918
28275
87658
81118
91177
5794
66284
97136
45082
99367
77136
75139
37057
57722
60233
82658
85607
53704
64893
94559
5463
21682
57467
962
5751
99210
57356
87818
89198
71709
13814
76713
39228
50070
74598
9534
94627
49599
65262
24033
66408
90534
36414
10070
60527
4208
42486
12009
18088
20474
54198
34553
13968
80043
21264
27677
85102
73926
26923
4272
94009
66215
91394
33745
99413
78084
27802
90503
38741
5693
40080
27967
5464
95286
20177
7141
74897
6
35599
98673
20036
11526
98386
63302
26474
41431
51049
74448
43562
76755
90813
88416
64174
96607
87963
4634
25552
5710
42823
44105
75993
81979
6436
42648
5150
92675
82561
38592
34151
19885
56342
2549
15631
58077
37973
32907
80030
90912
33421
20260
36645
27303
91563
1498
16369
78716
73171
50021
54482
9331
79292
35845
93838
71649
80421
89822
46515
43554
66971
80008
20553
79544
3338
25729
69769
52562
64410
69265
3935
42835
2988
76578
61928
47491
46725
53235
37950
76812
23182
76240
60851
33012
91728
24429
36670
72912
18934
29859
62883
29841
92344
33760
34540
35431
98482
16811
59387
23633
97073
41498
46339
32112
20608
17705
96721
20200
21197
75163
91011
95990
97000
61659
8948
98361
40111
56283
52404
65275
5369
99464
14559
49265
37424
72777
85450
44429
46859
43660
87147
55020
52439
52842
16928
82870
87845
43217
62286
17728
26454
54452
49779
42699
96713
70432
72597
78475
16245
88524
89379
62808
39789
75155
13828
62199
17557
21888
85186
13241
69115
41978
50600
17296
8572
62170
89489
48194
8338
95914
92552
17153
25125
9871
63087
45062
81982
99140
97208
99437
46991
69009
91534
74811
79684
17523
61970
62850
2232
63551
17201
33998
95852
66007
57702
68256
2541
20953
69762
47396
4124
33396
5408
2458
20618
39363
1917
6718
62936
78204
17499
42785
3422
66344
6734
41419
16241
78099
85499
45879
5698
28207
96596
64904
74421
54505
76300
43111
96543
77754
11577
83850
79046
91138
96927
8630
83823
78590
86349
80133
86549
36957
16677
11610
92867
74630
7406
1438
89448
65066
62913
51742
99825
3335
36704
89841
78148
82706
64412
83325
50458
28434
79687
46727
62991
71330
99830
45131
49937
27633
72770
71965
70078
27265
93738
99986
2886
83528
51769
20806
53514
40749
86584
10935
45456
45338
44556
12043
54249
31399
95214
87969
41200
58957
64489
65066
95792
12537
78573
71464
70985
14046
85172
94835
4933
96109
91985
34182
82378
16765
