3382
5330
6156
6298
1944
339
4978
1412
5718
8204
7431
9406
700
443
5501
7823
1161
60
1889
3023
5759
5714
5055
7429
1277
1147
4548
8613
4181
6010
5225
5311
5706
4995
4126
1046
8671
4793
4686
889
953
2682
9371
676
9142
7821
9459
8467
7158
9459
7515
7163
1304
7360
7449
8552
4021
8703
5448
6468
6730
5216
7099
6678
6103
325
405
1087
1529
6326
7859
8961
1470
6850
9553
929
7767
8785
3404
7352
2122
3861
6428
2540
4026
2018
8446
8301
2569
6174
8747
368
7547
2375
3997
7902
7751
1862
1237
7048
9869
3455
8227
6133
6028
1876
410
4208
2914
2182
513
536
9781
6768
1555
4156
6565
2411
3921
5661
8932
5089
2148
5729
3822
9615
1994
2072
6860
8717
3570
203
9332
2479
2581
8694
8817
656
2543
9413
2699
1878
1736
494
7800
6023
5723
9240
2440
3524
8212
9499
1047
8644
8421
6444
7111
2115
3494
7280
5435
9438
9280
1030
9597
8551
8928
7473
9771
9868
5196
4160
2621
8176
6711
3407
6967
3605
2693
3129
9630
1059
9001
784
3380
2643
1857
3062
9939
7831
4185
2399
7605
6792
6349
7666
8549
9844
1129
4526
7743
6053
4832
8600
8183
4021
9168
1684
4331
7878
8346
5432
9467
552
1290
8819
7330
7565
3081
6508
6659
1570
7037
9784
822
6401
6504
2626
8970
9930
3797
8574
1475
9861
7599
8547
6156
7751
6392
6673
4574
1806
7630
9266
4686
8979
7275
8195
65
3446
5693
3200
3260
4807
60
5744
1654
5573
9446
9959
5281
3952
9671
8901
984
4461
8155
5973
6687
4568
6888
6153
5910
9757
8426
6812
2776
1974
5964
6377
1983
420
5819
9113
6214
156
1476
5765
6632
317
6873
8676
1652
1454
8040
2370
493
5806
4719
8172
3363
2001
429
5512
5170
363
3835
6129
953
9277
1935
8610
807
5476
8871
6485
6339
6932
2354
7432
5510
629
82
7481
7695
8639
2629
8121
8998
4292
7181
6556
7235
3039
81
4515
1942
4208
4229
7674
7211
4488
93
1634
162
9304
7923
961
3533
756
7737
8992
9199
5127
4676
5044
6440
9446
1509
4841
1875
2211
2810
162
8942
2482
6025
8829
4216
2362
7144
7860
406
8376
1397
3661
4088
7669
9656
6662
9044
5727
1829
2568
6880
379
2509
5850
1232
3964
1501
6967
866
6982
6488
3249
8365
4944
2996
2880
6812
36
2189
6497
1314
7430
7615
6274
7733
8885
6286
6571
9067
1312
8518
5163
1473
2412
703
4571
133
3944
8307
9572
588
8893
4503
6456
8399
470
4492
7565
50
6188
3687
3288
5929
1654
3127
4811
2042
5184
885
8134
4048
7789
1186
4940
9589
9378
1800
538
6606
1879
7293
3993
8735
7805
5017
7029
9632
4546
9280
3493
2794
6046
6182
6246
5151
9719
9273
4559
5255
1145
5816
5432
7617
7590
918
2367
81
3995
849
7222
1902
8873
4476
7463
1288
2997
6492
5116
2202
1021
3260
8623
4608
7800
4541
8179
5771
869
3008
2308
3906
9973
5436
5348
9639
4485
3464
9557
5944
8255
4401
4260
8639
5349
7986
5741
6183
1164
8671
6206
8077
382
5092
9139
1348
8192
9141
4034
9755
106
6550
9048
2328
2359
8101
6997
8538
9342
8377
8861
9402
4612
1501
4096
5261
1695
3654
5456
197
2904
6837
9557
3746
7610
4866
743
7970
9702
4585
4896
4116
1659
7057
9396
5525
226
8597
476
482
6251
3354
9534
7863
5835
9484
9272
8031
4549
9213
8711
9015
5821
602
6186
7095
4929
8045
3552
4987
3478
3701
4018
9674
4190
3490
5825
9253
3796
3708
2859
7090
8999
413
4290
7230
4006
8196
8126
3490
275
7179
7316
7178
2334
6591
3070
3467
2004
9014
4731
3400
3360
1518
7434
4240
3337
655
2812
8968
7309
6907
9932
7175
7732
6954
151
8639
6991
4547
8488
4184
7757
6858
8144
8210
9806
9446
8132
8664
8790
847
2586
1473
5866
3417
2515
8007
3373
2969
9265
8990
50
5122
2984
3775
6250
7923
6063
3013
8690
1602
422
7798
9962
2880
5210
6413
541
911
6870
401
2351
1645
5942
9331
6132
4304
7992
4282
3138
3949
1098
9916
9503
8413
7186
1260
3974
2406
5394
9940
9938
830
6701
6037
7276
8233
2422
794
3925
3718
6793
3632
2495
624
7309
7877
8765
6274
5136
6446
5187
979
5662
1677
153
8365
7314
6569
1594
5707
1963
8703
4129
7536
1411
9878
7599
2218
898
4678
777
2827
5093
61
2718
3394
3766
10
4239
2303
2594
6232
9837
5416
1601
6857
9144
8878
7414
5699
9702
7772
2873
8469
6055
7542
3580
7131
4603
7648
7083
8719
7726
9966
9959
8419
6300
6910
3901
8087
5145
479
8027
2298
8901
9357
8295
5624
8079
4184
81
8479
7260
4143
7550
5398
4729
7447
2119
5777
3503
4580
1671
5367
5282
6952
477
902
3288
9383
6779
2821
8388
9196
7289
5905
5966
6470
3088
9879
8131
9676
61
2344
6996
9452
9638
2773
5099
9887
2317
6803
2908
2164
9693
7812
9237
2110
778
3487
8012
2566
1930
3242
5335
2501
5384
364
5574
8151
1379
6966
2796
6669
9478
6002
9979
4799
1713
4462
1703
9627
6418
1975
9744
6878
1682
4407
3472
8838
8664
2069
4337
5276
5221
403
3376
7073
6781
1854
7166
5366
2752
9549
7848
9665
2576
1275
227
2838
4081
7197
602
376
1761
5191
1660
824
8393
7487
8271
2961
3038
568
574
3966
2783
2975
4146
4797
309
8796
990
6890
3077
8760
13
8206
4400
6441
77
6072
6472
9841
6923
6612
3700
6715
3445
5264
3402
6513
2929
2735
3830
191
3217
2603
7624
8869
8784
695
8518
9946
1706
2459
7371
4917
5308
3266
3125
6050
3346
8888
2272
5143
8290
7832
3663
3966
7984
9864
3657
4950
6535
4199
9142
6023
6789
4610
3883
7094
2827
7318
4823
329
286
7214
8710
6135
829
9344
6499
9557
1359
8287
372
7775
7304
1192
5270
7067
5981
3491
8606
2386
6088
8361
3850
845
194
4792
6825
7673
8008
7066
8820
8156
2255
2600
2513
979
9912
3718
2880
6176
4645
3826
6360
979
6325
9577
8455
3632
9319
2805
3737
6055
7211
519
8742
398
5262
769
4656
9517
9214
3756
4234
6740
4102
3330
6424
1915
8656
8555
5847
7483
7197
5513
1591
1760
7795
6376
5413
1411
7511
7723
9027
1163
6313
3561
1309
7204
3845
4403
3884
4175
2523
6491
6277
2056
6595
3976
335
6114
3499
1310
4800
5568
647
4713
7881
8258
5408
5374
4054
1470
5228
1830
9992
8898
1105
687
1624
6980
2952
1179
8322
1066
3256
1993
8092
5399
4388
64
3963
4842
9624
2923
2440
1945
455
1632
2385
3207
711
824
643
8322
4869
3338
4981
1633
404
4311
9448
5524
2044
8407
5104
214
4245
7193
7433
6765
3614
8012
5643
3682
3021
4355
2519
5777
8209
7706
1294
3299
5970
8903
6327
599
4898
685
8011
8075
6344
1493
8620
7165
8081
9632
6831
8977
1825
1959
2674
8271
2105
3878
4482
960
3564
792
4154
2314
6963
6877
9422
7102
6076
7465
2932
8587
308
5681
4029
8459
447
2102
8864
3005
2143
2317
9202
3537
5956
4660
4678
4764
2142
234
651
8122
4156
4366
7093
3797
4068
1150
1638
4328
4345
6790
7733
2241
5213
299
5036
6266
7739
3877
8719
4982
106
3802
6946
586
5072
3165
9299
1471
8252
2463
6052
9726
9697
7068
6174
1025
1556
6207
1522
1847
6225
1862
1078
4592
5071
2434
5735
6547
1589
496
1010
4703
6149
7087
5392
1569
2921
7583
8077
3697
7891
6743
7839
5578
3909
1572
6343
4172
1376
9500
1512
5764
7218
5704
6866
5087
1941
9738
2267
2493
684
8729
9235
7116
1998
3064
8691
5383
6118
8674
1741
1680
2531
71
3702
6452
4798
6264
5249
701
2699
5685
3747
929
2666
9486
7660
6806
8348
5931
3776
3788
6294
7186
5309
5299
962
211
1262
9589
7510
484
4883
1434
8194
1247
9199
2265
4679
5723
4164
2549
8989
6524
8220
5143
115
6461
3826
5732
7399
5318
7894
2047
8286
5412
9276
7986
3462
1595
7780
6728
745
6964
2616
5313
9035
7868
1210
6450
5896
5424
1155
7078
5709
6344
8299
6640
7157
6033
7884
8720
3763
159
6066
3916
8242
4029
4781
9649
7861
5981
6130
7839
6312
8664
1257
9511
6352
8195
5622
1237
8463
8906
510
4376
5973
7237
4027
9940
3917
4106
5687
8039
7832
1709
8422
2637
531
2656
7438
5569
7264
8259
5264
1778
5713
2291
662
7065
1995
2902
8374
9327
2774
2905
8980
4033
9976
8610
6884
9709
3068
1474
6194
3385
6089
3890
9839
7939
3438
3410
5469
4310
97
2961
78
3382
2068
1680
1721
5389
5420
1584
6874
6087
828
6199
5643
6831
1436
6062
945
3921
7927
1266
6432
9674
6129
1277
5347
3827
2570
1778
823
2764
7230
4798
3776
2031
3220
2260
909
930
1597
4415
2606
1282
5846
6355
2645
1051
3226
1016
3202
5661
9237
957
2003
5939
3099
2626
4527
7652
7706
5191
9656
9189
369
872
9355
6004
6515
5404
2742
8731
4939
9333
4197
6406
1571
1480
6636
8113
1658
7938
1454
9306
6260
7601
7496
6521
7755
7888
3472
5506
3941
3961
8512
8452
8320
2613
3196
9143
3108
6674
3645
3374
9189
5708
195
4924
8353
5424
3121
5462
204
600
3556
3138
2700
8957
8767
2309
9655
2100
3431
30
1584
5444
2420
4834
3884
8039
5743
8225
2426
947
2531
7670
7059
8509
643
8283
2326
6338
5567
5727
5869
9729
1822
7428
3228
4848
5620
1797
6422
864
2591
2904
6115
9177
4631
509
274
6657
760
1264
1342
2639
7172
6669
1288
8184
9987
4979
2316
5669
4463
8772
7905
7605
3848
8452
308
6225
2167
739
3603
7618
5336
4916
409
889
4828
5907
4697
8074
9130
4621
3407
9104
3329
3961
9713
5303
2433
7989
9250
4288
3181
7703
198
698
4775
7354
9217
6290
7071
1111
4912
7098
4413
5790
3088
7997
2908
2928
3513
3412
1784
7521
5164
2269
4557
7512
9720
3933
4002
2800
2885
463
813
2254
5285
3964
6949
6773
8265
2777
3672
3011
1136
1250
9837
6343
3144
6558
4120
5028
5301
2752
4154
7826
6783
970
4240
5149
3205
1075
1302
7763
7913
8000
9551
3197
3531
4661
627
7774
6062
9641
3149
2196
6432
9002
2638
7446
7850
957
2362
3843
189
2166
4471
6341
5429
6023
9924
1639
6410
6834
5719
2052
7981
6403
4549
6603
7683
4350
4676
2871
5279
1526
8864
4098
8498
8472
6745
2871
4792
8079
4706
2496
7987
5517
189
9581
6872
4250
9758
8221
1250
3841
6501
1853
8486
2511
8434
3030
6809
7533
7210
8413
4201
3907
9413
8561
7813
9019
5076
9859
1281
1803
1888
3557
415
1024
5978
581
6453
9782
1757
6746
7722
4507
1222
7646
6705
2384
2877
781
3362
6742
1315
5874
8104
3035
3108
4272
733
4316
2
7188
2575
7653
2495
8967
7795
944
133
4124
9068
6926
8059
7519
9655
1003
3768
8858
7905
2244
9079
5868
7678
3716
5665
349
9749
5313
4851
8236
4799
5806
5964
1812
9499
1234
1846
9057
2235
9368
3704
7514
7909
1776
7799
7843
622
799
2564
5645
5022
1053
8071
5239
3143
4813
9091
4907
2778
8717
2428
7011
147
8700
2677
8597
1938
3682
1524
6807
8116
7556
6015
1377
381
2883
6746
4000
9811
8929
3178
7796
5251
352
8551
7693
4640
2084
5429
3116
3986
6390
960
8172
5194
734
3009
2437
1825
6334
6155
8583
3543
1639
3887
5602
4364
5677
7846
129
3683
1950
6132
4767
2251
9383
8781
4396
1619
2280
5019
7897
9403
8665
358
7907
6631
6744
6259
5575
586
4933
6358
1638
6726
1799
2303
6911
5220
4993
5688
5875
3614
5228
4076
9479
7794
4952
9046
4788
755
2518
8303
2969
459
8602
4528
8594
1407
6826
8357
210
7695
5769
3032
4421
5521
9767
2465
8321
7681
6412
1108
8411
456
705
1482
3517
5924
8538
3022
1872
7797
1413
7477
8836
4942
5717
9512
7856
4667
5795
2993
2730
8451
4447
6859
8069
1623
2900
7925
3949
2938
8185
2857
1814
9690
6280
1240
7856
6219
1922
2644
6235
3590
3504
8159
4738
8745
2193
9894
7948
9400
2040
6716
7904
9900
6070
5574
1676
6881
8363
1425
4045
7533
664
4917
7840
4803
5016
1155
1292
2167
4849
4630
8756
3774
1336
6419
2214
5236
6452
2158
9193
3198
1021
1876
1042
5470
6136
1300
884
6861
810
3809
4515
3140
4579
5053
674
8451
4882
7271
7676
6696
7895
6582
2461
3089
9244
7429
489
4262
1883
1683
5473
1117
4784
2192
3586
5770
7933
499
7749
2121
6859
9610
1235
9879
6725
7226
5089
6126
4536
3565
8700
8563
7217
9516
5581
3615
6283
3861
3287
1901
3262
506
1267
1223
3042
881
9283
6182
9082
2725
9005
6598
373
1908
1630
8339
8588
3073
6703
4067
8772
5734
6748
941
6359
1549
5591
8889
6148
86
8250
6889
6167
7195
6874
5198
7410
7802
7499
5319
4622
8408
3458
6523
5238
5260
3282
6219
7556
6402
3177
9100
8923
4956
1625
1959
6733
709
4750
4659
3216
1613
8838
9274
386
3442
1783
3490
9463
5508
9700
893
5662
1388
708
1640
4396
9264
6600
6511
6028
4816
960
5732
3626
4354
9179
6636
4004
1072
7434
392
1326
7338
8407
5715
488
8635
2748
1828
168
2968
3424
1745
4417
1796
1108
90
4742
5193
4294
4466
484
6245
7736
6971
8058
8622
708
1060
1008
8554
1745
2266
5384
4474
983
4498
3924
7280
3822
2753
5070
2330
2115
6228
7916
9272
9627
7919
440
1046
6328
917
4579
1223
2356
6728
9162
5983
3176
2980
236
391
1533
750
5052
2037
2509
4132
2996
6827
6706
5290
6313
1114
4256
2543
3161
7879
8962
2119
1875
2875
3567
7899
72
760
4313
1966
4374
1640
150
8833
6997
6379
8152
2914
7939
7812
2845
5935
155
9100
1481
8059
2005
9732
3774
3036
4645
9519
5095
849
9787
7748
4492
3756
9205
1005
8768
921
9447
8306
5474
2824
8343
5693
5355
7157
1222
3243
8477
7807
4496
1723
8488
1203
1862
7437
2641
6583
9008
4171
4317
8844
30
9254
667
3535
7943
469
2645
6117
9420
7490
2903
9384
349
2232
9950
204
5263
4024
2519
1383
9430
1998
2094
7074
8635
637
6696
9584
4087
9936
9877
5910
467
2378
6741
3322
4801
1687
1406
4294
3905
6343
7881
8256
7937
9610
9950
5243
2891
4571
9297
6886
3412
656
7408
163
8448
9210
7296
4491
1869
381
6934
927
5830
2241
3917
6431
5487
4138
8340
3632
2136
8170
237
7999
234
419
1392
9188
6153
3268
6152
6804
4331
7419
8418
6435
3682
8510
7335
9861
3276
3632
3272
5383
988
7694
2192
8448
9334
9220
2493
9654
1568
6534
505
6813
1552
1741
6634
5661
4814
8455
7201
3563
5228
5555
7731
7544
1397
5010
7688
961
2293
6434
1741
2900
8730
3721
2590
8345
3408
631
4296
3289
9155
2344
6035
4556
498
1452
4965
2237
1967
3575
2419
6032
4414
4522
746
2785
9032
7269
5642
8543
8765
1747
8043
188
5228
6503
1317
5749
3703
1017
5515
555
4742
5002
4184
7847
5319
6886
3267
3418
3939
1385
3790
7808
6851
7888
7477
3140
259
4665
5116
7817
2905
135
4074
926
8136
8947
4344
3284
9642
8044
7780
7043
9438
2127
5402
5748
9953
4449
9216
7204
7898
5865
152
8669
7042
3319
3684
6580
1856
7875
1624
7587
1080
4571
2337
8872
3777
8713
5882
792
3986
2331
8621
7188
399
6399
7081
9102
8523
8222
6788
1002
3548
2008
9143
2967
3638
3470
4405
1179
2534
5449
899
4835
736
5914
4184
4176
6305
4853
6315
4513
5896
6762
6019
6119
8464
9728
7035
9967
71
1892
6269
147
9687
4521
1227
6444
4617
5707
7865
3169
8968
3364
9905
6501
3124
804
7206
5759
6104
6755
8923
8740
9540
3763
9289
9718
139
8760
4066
5891
4221
9681
3463
2878
509
1401
832
4459
4345
6758
1812
7874
3146
1678
2760
8229
6234
4322
5097
7323
1860
4970
8372
7533
8593
2297
4961
6563
1319
3922
5858
9736
7192
3447
7398
2610
6421
3182
8785
8692
3300
485
4345
3031
491
1404
7900
6438
6413
7174
1984
3927
4715
3425
5729
340
8145
5514
638
9385
4610
2609
8914
481
4660
7272
2912
2459
4487
6623
5243
3682
2346
8189
9958
2511
4045
4884
5762
7378
8657
3135
8394
7882
1986
3835
9220
3588
1270
4800
7400
6112
607
8609
7007
7161
4799
2221
9654
5735
7336
1786
7848
2713
2523
585
6930
3835
5076
3677
9993
6529
4066
3484
6455
8182
3682
2117
6776
9232
6943
8278
7486
3989
8886
7510
3995
7005
8410
6862
1551
5515
3475
2790
9705
9004
962
9448
2422
6726
8389
3734
718
9618
6034
276
2803
8030
5095
9695
332
1159
6780
5269
5961
2056
6965
3012
7498
7682
3002
9958
2408
7327
9140
8653
8507
4130
3929
2904
7559
699
3168
6635
755
5431
4919
8992
5413
3017
5836
7117
9196
4736
3641
8827
1235
9318
1016
5805
6993
5239
2357
9591
9890
2613
5257
6205
7682
7532
8219
749
9072
1775
5409
3949
7311
3302
8535
6860
998
428
288
844
1641
7635
5475
4289
540
3778
384
4240
9046
6188
6758
7464
9235
1990
6556
4129
3828
3610
3772
5450
7145
3378
9319
2772
7446
5300
3314
7183
5379
7216
182
968
4209
8197
5414
1779
3636
2768
6061
1392
58
9965
8017
9383
1765
6754
547
2269
5323
6194
6922
9480
277
3125
5335
5220
3314
5892
7760
1887
932
4711
6640
3367
1448
8596
8385
9399
7527
602
8031
3208
7754
9275
1486
595
1121
5041
6920
3436
9862
4570
9140
5291
4899
9197
421
6570
8498
656
1838
3886
6957
394
3053
3165
3568
7823
2297
2198
3567
8723
162
3870
5078
4995
6253
8821
5650
9057
5797
681
5997
7705
6690
83
2173
6569
822
9297
5380
8875
9451
638
4568
3107
7026
3355
2955
2110
8693
8588
265
2867
3521
5985
9759
9770
9893
8823
4341
6813
3872
5118
467
9909
9110
3262
8286
7301
4703
6791
8324
5707
6653
3134
7296
1141
5874
9459
5976
6387
5644
3365
3823
9286
1781
6676
5973
8569
2991
7097
5928
423
3065
9391
7835
4193
268
5510
7139
4014
8447
5022
4155
4130
8808
5582
9824
9874
6494
6489
5155
7031
419
5700
2514
7397
1584
2133
560
7186
6334
1889
1602
4421
4530
4717
1693
9595
4263
3298
6177
7234
960
6969
7999
847
4322
3285
9607
1371
8099
6228
3217
4385
9435
8496
7230
8992
9001
5730
7547
9019
5756
574
3265
2839
453
1388
7039
7766
4697
2196
9573
8041
3388
3920
155
2804
1859
2477
8781
1247
1547
1550
2899
1072
7883
6200
6135
1653
3045
3972
4975
9762
4308
2381
4007
8715
8992
6279
6615
6189
6001
7992
8328
5902
4168
5567
8555
9800
1486
5244
4976
4147
7724
6726
1108
3413
4796
5415
5277
5481
8650
6296
1125
2491
5994
9397
3594
3234
5045
9778
7516
6043
8406
5357
6176
6518
4597
6231
5080
4753
2804
2383
4137
1396
9462
1614
5566
1134
6341
4301
9873
7234
6048
1300
21
5866
4110
4510
6964
8651
1541
6514
6599
2716
6247
8486
3995
9306
6716
3128
3698
1343
8151
305
8469
691
539
2369
8579
9718
6109
5140
6555
7503
4870
4141
6587
1912
821
6326
213
5575
3128
217
5815
806
1148
2528
4118
459
3393
5543
4141
2707
5503
4980
4606
126
8429
7419
3230
3135
7655
231
1213
1070
8677
8992
5475
9043
447
2862
8884
827
2175
1462
8600
6232
2374
6328
1267
2835
4379
9999
1032
3482
7222
9892
8438
7722
3797
6720
1019
4099
7741
1920
6828
3271
9522
7503
4551
7206
2173
5678
2904
486
158
8513
64
6920
6038
5110
7233
4087
6202
4065
5953
9763
4991
3666
7992
4546
3280
7442
650
4
1349
7427
6946
8610
2602
3704
6662
4312
3460
8728
8254
3013
5930
1299
2352
1403
5801
3080
5706
3328
7540
8352
1679
3555
457
1239
3382
66
8560
7034
829
2757
8982
136
9699
7040
266
4291
3913
5157
1966
245
4701
8434
8844
9577
9473
6601
5239
9556
2238
3129
8995
3965
7758
651
4244
4940
6140
4957
6943
5048
4781
5159
7867
6305
423
8744
3615
5509
3743
5479
7579
8339
3859
5939
2800
6514
8120
9439
5693
4214
9390
7629
7358
4374
9109
6473
6030
4947
7676
8063
8959
3617
4437
2981
9674
1050
8033
710
1959
8932
2349
7671
7877
1381
8945
433
4387
7324
4309
3625
679
878
8892
4317
1378
8316
4004
425
2159
4467
2995
928
5789
998
2181
6417
521
983
5321
9484
7485
7362
8234
5080
2060
4386
4449
6277
5355
2072
5145
4434
9741
9214
3001
1501
3810
1189
8220
7829
909
9472
4960
6205
9171
211
8609
5998
206
898
6415
8148
2915
5082
7894
2752
3408
7743
1768
8936
8396
8546
5790
2982
9694
2546
1357
7525
6124
987
9495
6410
9010
3911
5899
7782
245
8655
6998
6870
1034
1986
1270
7158
1271
646
9081
8295
1568
4154
1183
1929
3633
1812
4723
3132
5974
2836
4313
1972
8494
3331
7265
6379
2601
6143
2789
6675
7394
4939
7220
3887
3183
2568
2270
5538
9752
5592
1452
2548
8941
6592
495
7906
4351
6444
6539
1754
8784
8821
2062
9391
9227
45
7037
7253
5884
982
1921
2122
6874
1799
8555
9478
9749
936
7574
1309
7307
3800
3108
4103
1012
3397
4280
8102
8673
6238
5354
555
3362
1389
9266
925
7809
5665
9613
2459
2667
8837
5822
757
1147
4929
5991
8573
5901
1542
9671
6759
340
8125
6988
5246
8022
3832
2779
3610
9927
6622
482
7775
1926
7425
1881
7096
1805
8674
8534
1124
9070
3301
9521
6686
1187
2553
9786
867
8831
9276
220
5620
5490
2052
4753
9462
4445
8051
2184
8053
7219
1004
5491
6335
2738
5312
1959
1368
4299
6715
3496
1078
3997
4338
1071
9629
7355
7900
2240
757
4296
6622
3180
9664
9125
6532
650
7491
4073
872
2133
4208
1214
889
8559
1694
1672
9506
4273
1043
7290
5987
9465
4738
1431
847
174
1627
6532
7924
9536
3421
2534
4234
6812
191
3817
6440
609
7700
2591
3502
5927
7181
2648
2518
4039
9531
7124
6421
945
7267
5427
7348
3255
9915
5746
9436
2863
2361
5203
8806
8348
6094
6059
4726
6138
8470
9652
9740
4208
919
6680
5622
6824
6208
3130
4501
5293
8694
3204
4181
7530
5804
39
4802
6393
9202
9241
4787
3670
4912
6938
8390
2886
957
8412
540
3576
7776
3761
1374
6742
2907
680
8852
9523
4247
5729
7053
4351
623
3036
1422
743
8310
9664
751
5748
5315
313
5757
3737
8945
7751
349
5770
2075
3749
3174
7848
1920
7955
75
6743
3719
971
8962
9246
5301
971
9039
2076
7147
9936
4778
2607
4349
265
7947
5666
4428
7752
7911
3354
1098
8964
6566
153
665
1840
6634
7996
7965
5829
9814
4150
9145
8269
6897
1137
5594
70
4025
7580
5945
258
2700
576
9671
4166
4308
2106
5855
6874
2587
1491
4075
1646
9560
6621
3779
1908
9084
1922
3834
6110
5860
4883
4790
6139
6445
8578
6109
7232
1857
2955
5134
5941
1940
9740
6204
4392
7714
3188
6248
7910
2313
9305
1265
804
8753
3954
6484
6187
945
1404
4893
5989
7530
5074
2645
8669
5556
542
9831
1303
8861
4939
6612
6098
7978
7598
5157
8418
6319
3972
1682
7925
6020
4004
7898
67
1362
4489
1021
4384
3665
4428
4989
9287
6248
6701
9845
8495
1826
9232
631
9140
4403
6823
244
6380
8461
4745
360
2897
3605
2691
2512
3625
5776
4529
3528
736
6170
3583
9036
4907
2123
6152
271
5952
1083
398
8107
201
8781
2045
6418
7811
407
3841
1131
6614
2167
6382
7682
8122
9204
347
2115
9440
1100
1883
2504
3115
185
5580
7452
9204
4384
1211
6627
6401
5817
2879
9669
9731
9189
2153
4772
4740
7239
5349
9768
1717
241
9223
6945
8919
3574
6456
8547
2643
788
8091
7929
4931
1863
2659
3022
5325
470
8976
1614
6180
2979
4886
3437
2225
4215
2639
5498
883
6838
6984
2653
8229
682
4142
8118
7653
8215
3409
8947
9382
26
883
1480
4382
1525
9771
2293
4703
6528
3291
2574
8986
8444
573
8885
706
1365
8677
5470
2593
6373
5169
8731
863
93
5598
254
4668
1351
2571
9567
8488
6882
3301
2121
609
4403
6336
9624
6733
1183
3485
3400
2948
707
8491
2171
2262
3875
9075
585
5348
5017
8800
5827
5699
7650
2988
7136
480
8975
6800
1944
5404
6213
6060
7132
8267
88
5925
8558
6238
975
9251
2988
8897
7244
9189
482
7711
885
8955
207
4407
4721
6915
748
4298
69
9362
9058
6835
6957
4666
6226
1358
5371
7448
9305
3073
6035
863
5653
6730
9831
2449
7003
7177
4495
1932
6064
1417
9342
5268
2677
4413
8529
7009
1860
5298
9354
8291
5097
1610
4262
1718
8394
5089
3749
5638
9748
7514
1558
5990
148
3125
6098
1275
1087
7654
3959
8803
3585
954
6076
3833
495
5591
2513
5949
2973
2172
7744
2558
6314
4097
7279
7653
4459
1388
7932
6499
4423
9376
4828
3485
5188
2953
2497
3506
861
6160
4891
4033
218
1364
2507
947
2180
3594
5652
7173
6307
3598
3148
6276
7704
6595
8
5916
8530
3405
6778
5382
899
5219
9431
9365
273
3933
6287
3653
6024
9432
493
1652
2456
9072
2621
9823
9113
9943
9326
9572
6713
3717
2620
6537
3709
9718
9213
8512
5697
7869
8352
6408
1768
8509
3836
3436
198
7043
5042
1113
3462
9360
5151
2396
1378
4738
5795
5614
4685
7494
1480
5255
3590
6010
3466
7192
4623
3519
642
4197
2716
3626
1980
6289
7318
9398
9913
5948
3890
5820
9871
7850
6403
9090
1027
5273
6429
5370
5893
1531
2635
5435
1065
820
9914
9185
5972
8198
5549
4484
6953
9591
717
9887
2065
2004
1829
2564
9073
3555
3304
8560
4332
7624
8869
5294
7011
1174
2390
8134
8303
2853
4866
3158
6399
4147
1106
6167
2580
146
6205
9261
9542
6610
5223
4276
4110
4638
3965
3609
7616
1609
3982
6638
9197
7950
2771
3065
2102
3208
695
8460
199
3099
7420
2699
7456
9696
9939
6194
1757
6426
2265
6125
2164
6223
4442
2005
2837
2665
8025
5782
9428
1312
5122
5735
5745
3106
9603
8440
9333
1844
1489
1853
1609
8044
7273
6783
5077
7542
9190
3048
5582
2053
4978
5544
2131
6214
6770
5846
7763
2428
3120
3915
8850
8445
3763
8683
5544
5499
5343
6684
4943
6247
6229
3933
6643
9181
1549
2888
2647
5978
9324
9773
433
1144
3256
3026
4901
7727
762
9462
5469
8637
2411
2755
5210
7289
239
6353
2088
5668
3597
8401
5645
5497
7162
8010
6352
9160
7854
3116
9257
7714
4691
6315
2771
747
8863
5400
4253
9974
263
8919
7941
7154
466
2943
5016
3926
1534
9967
7306
8542
1
29
4379
2029
9459
8926
1601
6627
5993
6027
3524
9342
2793
5586
1443
6196
8000
7350
2578
148
4621
7133
2210
4375
1214
6995
369
5768
3285
9890
1052
1605
468
155
7113
2200
7076
6605
5133
7811
5850
7990
3372
8354
5963
1401
1394
9114
8231
7112
7900
8822
5196
1523
7495
4282
1618
9207
1248
6190
416
414
692
6111
3316
565
4570
5164
1951
5253
5020
6869
692
424
718
101
8754
7140
8374
4827
6012
3374
3840
548
9792
2372
741
745
6587
2408
5263
8047
9780
7911
5751
3272
850
845
3269
4416
4237
9611
9660
325
9823
5993
6660
7886
5586
6538
3131
696
1233
625
7913
4073
3153
642
1357
2765
4642
8870
934
6968
3911
848
979
9544
9334
5641
9203
1127
2894
8243
662
5016
2527
5318
1385
5111
9846
7784
2601
2321
4849
2841
636
737
3360
5235
8619
9102
8754
9881
3531
9013
6634
9687
3882
7570
596
6179
5071
3049
1963
2584
1840
4409
1435
2752
7487
7005
5365
2407
1911
8337
7461
7897
3026
9986
3028
9284
2265
2084
3169
840
4327
8213
1911
6514
8915
4985
454
84
758
8753
138
3932
8421
5292
1514
9643
2537
2027
2592
9619
7348
3447
5263
6337
1514
398
7179
4893
3315
9843
7742
2206
8724
9146
1870
5925
7207
2002
8051
7192
144
506
4937
8082
2240
1167
2787
3623
7208
6262
3212
5623
2653
7111
6436
8278
559
9384
1972
5877
7470
6782
7463
1977
8926
7706
9113
3396
6980
3424
7592
3509
9827
6035
350
4628
7657
7270
1602
8763
8404
8562
9383
8825
337
3628
6872
7086
5253
4772
4054
7388
8370
977
8226
8174
8405
4622
6055
7959
7275
3407
6350
1797
4218
5370
9710
8073
3814
9555
6339
7604
1555
1495
2594
1419
823
3626
9028
2884
1440
9356
8034
2393
4525
3251
302
4307
878
3224
6887
1219
2129
1943
1895
3293
6069
6473
2110
7258
5066
4743
2779
8811
5055
9159
3522
621
6211
5140
4581
8096
9850
7878
7399
9344
642
5172
6124
617
9900
7374
2922
8001
4195
7712
7262
2554
435
3438
4075
7351
7129
4354
7937
4713
4415
4455
8871
5230
9781
2263
7152
2524
3519
1558
6293
2579
5769
2646
4123
3374
3397
5798
4239
3234
6414
4895
645
89
2913
589
1896
3322
822
595
4480
9260
8955
428
3623
9407
2177
2037
9085
8701
3549
3318
669
1197
8216
7581
4926
8606
3377
4602
680
908
9190
5359
4312
1615
5719
7922
4176
8351
7083
8777
8698
4471
8109
7527
490
512
6674
2071
9711
1190
3580
3282
3137
1907
2609
5170
3720
9954
6521
2088
5137
4020
5686
4371
7429
721
9287
6017
6285
8662
5296
2940
1209
9728
4981
749
4489
8900
7391
2556
748
2738
3000
2095
6483
9337
8824
5412
9265
1611
4768
8887
3722
2841
9993
2586
6849
9622
7257
7555
686
7571
1411
8208
326
9051
7102
4764
5440
4083
5313
2119
8744
389
5831
9241
3772
8233
8678
3443
2118
7821
4307
8745
1878
70
8599
4301
2526
9101
5659
2238
9655
7818
6803
1699
6401
6007
4207
6402
6924
552
2692
3040
1991
2120
6793
6905
7876
1555
7067
1150
3662
6745
3532
3609
7482
2063
6425
4695
3601
2854
9277
6265
3032
5460
9324
2017
3030
9919
2324
8634
7879
8792
2410
2903
1778
3001
5108
6625
8441
7670
8572
3932
7739
6790
5013
1426
7112
5912
7987
1546
4384
6120
5665
9297
1270
4269
4831
5344
6424
714
8923
5109
1532
7691
2700
3638
4964
411
1924
6777
5383
608
4097
2609
6821
397
6549
1452
3904
1401
494
1734
6343
4844
9160
2784
4860
4593
6361
4337
2815
2001
4881
716
2199
2738
141
4028
6111
2707
4577
7631
8261
1721
6852
1759
9085
9394
3535
5074
1243
6827
5334
77
4878
5445
6447
5600
6643
3167
4154
1177
1880
1740
1418
6033
4075
929
4280
8467
400
7784
6136
8478
3163
5708
8482
941
6249
2255
3082
451
3319
7934
2570
4184
1126
2950
9242
8352
6269
9358
4270
3458
3083
3817
4057
9201
8409
2601
2995
3117
1818
1128
8735
3586
6482
7167
4270
3765
3941
4074
1225
5305
1086
185
8400
5041
3010
5173
8314
1118
6933
2719
3747
596
654
7688
2842
4395
4897
6610
7202
1930
7709
1470
6868
7851
6337
7803
4074
1358
3564
4605
9192
4927
6885
7275
712
4388
8411
6579
3267
8286
1980
5561
4313
6959
5161
620
7159
6424
1598
3053
3810
1602
6808
2457
3635
7313
6429
7670
1336
2294
7882
6195
9234
8562
4130
5561
614
3351
6502
7153
1549
9720
243
5586
4508
3901
3415
1474
3631
2791
9217
7026
1542
151
448
8526
3956
8958
517
9136
2174
497
1507
255
5115
8428
8149
757
8260
5162
4296
7682
2113
5149
6786
6478
9577
7395
5855
1935
6265
447
1564
3115
7738
5513
4083
6771
9544
3118
4334
2193
9914
3717
3219
3748
1461
9529
5178
2364
2614
1683
999
2529
7829
7322
9051
1716
8158
9415
2176
4364
3647
6594
1777
3638
8477
5336
6029
9697
486
9324
9165
7960
4566
1242
2573
5257
1985
5286
7226
4630
5876
7190
6853
4906
2486
9843
7920
9900
122
7197
7016
4483
75
196
2280
510
8527
8979
7145
1270
2678
8949
7760
7919
3041
673
4413
4879
1553
4806
3642
8903
2840
2174
589
3986
6470
7776
5948
5868
6156
5086
4366
1071
5351
5882
8255
8565
2387
239
5353
8379
7631
9329
4891
3510
8792
3859
7241
5276
9448
831
2854
8417
5897
4821
4048
8100
5792
4009
6737
8311
7846
7916
9394
5337
873
7505
565
1647
2602
7706
5907
9322
5524
639
3872
2974
8942
3427
628
2441
6805
8839
6519
2958
8377
7890
3677
6543
2721
346
1176
2817
863
6771
7912
8372
1727
3911
3638
5727
1214
7629
9477
5679
6182
6540
1828
707
6800
1980
5965
8481
7340
5862
4453
1220
5575
4307
4729
2478
7000
2499
9178
8651
2006
1593
3886
27
3549
4280
7021
9016
4690
6550
7896
5906
7541
2824
3889
4839
6336
2846
1683
2371
4114
4263
2739
8750
9044
756
6266
3279
6045
7297
633
8299
2364
9393
5244
55
4040
8749
6831
471
8043
2513
5244
5698
3216
9589
9844
1423
6064
6798
7551
7760
9732
6374
3643
5816
8273
7804
8765
1446
7697
6011
6197
7017
7908
4765
7654
3552
4922
3163
6191
7015
1010
5960
8692
5175
1638
7971
8733
9810
5071
5583
6268
1549
9976
7507
4993
8946
7826
4919
9434
7252
2885
2134
9007
204
191
8588
2125
9617
192
6166
6422
3598
6115
8825
6004
7708
1207
1312
6393
7944
5813
6868
5773
8803
5390
5563
8144
280
3374
1838
8174
2571
7847
8500
3043
265
1338
7925
659
4736
238
7952
1633
5445
9898
6265
2744
8762
3813
1329
7476
687
8231
8318
4459
1452
3753
8882
7107
1301
9769
583
140
2967
619
9629
6294
239
8910
8970
4918
1865
5133
6876
2689
6414
4404
8749
7486
6144
1930
3184
3347
211
3286
108
3409
8089
6216
4621
1436
7932
7682
8853
7285
5140
5397
2592
9110
1462
1860
3900
851
7978
1326
4154
4152
4085
409
843
7248
4093
9027
3676
5137
5034
6367
5744
6369
2544
1331
9515
6212
6061
6636
7839
8553
9690
6944
1101
5044
9799
4847
4061
9111
3091
1614
439
4996
8137
2104
1260
7218
5202
15
5246
1040
9405
7817
8924
2275
922
2822
3909
6370
9119
5605
3858
8811
7392
2412
7808
9812
8763
7732
8505
9894
7871
505
2016
8619
3016
3274
8016
7578
5206
8481
6031
7653
1041
6603
2448
2029
256
9628
5972
4647
2991
8823
9054
5555
8086
8038
2737
4950
3188
5745
5720
8525
7989
5044
5894
2193
1144
5641
971
972
5334
1868
3799
2161
2454
7651
4460
3559
4370
7872
1888
3881
7507
8181
6180
6727
1438
9958
6600
5988
5387
4437
7074
8115
8736
8263
876
5430
8025
9442
2424
9931
170
3570
6050
2776
2740
861
249
8308
2128
3089
9278
5854
9106
932
7925
4147
431
5056
5963
2044
4549
1441
6561
8717
8950
4362
8615
9056
1556
8028
1181
726
5162
5018
370
4538
7473
6984
546
5749
1110
3259
9914
6747
5659
2214
1233
6326
1715
3372
2716
9100
6909
7380
9758
7883
940
1460
23
6596
306
8411
9363
3286
283
6713
2202
4501
617
1434
1165
7901
9175
8565
3303
9185
3099
1310
3606
8463
4633
1296
5492
2917
426
2225
896
530
9900
7245
2211
723
3441
4911
6211
326
9065
6532
8292
9059
948
9742
3269
2074
1000
1725
1665
7994
8520
7219
2940
53
6995
1322
6210
3289
1732
4257
4882
7231
3482
6742
5552
7128
5473
3231
1780
9272
8742
7716
9603
1654
4745
3239
9413
9614
4385
1063
4560
7932
4049
5549
4315
1684
3703
9341
6648
9496
2665
7847
1780
2083
1311
8554
6442
5121
9588
2513
4740
7936
9441
8326
1508
5711
2050
2752
4996
1281
3406
1339
3722
2862
467
458
6788
8427
5211
2729
8602
5245
9133
1577
9141
7098
7462
4628
2827
806
3151
8505
9841
6960
7164
6863
7320
7687
6871
5078
6882
9822
9332
7737
1647
9302
8878
6035
9038
3956
2625
1293
6783
3616
7238
7447
9280
1373
9470
2988
5194
5049
8962
8088
6626
3282
5450
1629
772
4515
6840
741
5700
4980
720
8832
6129
53
7186
5997
9871
9169
4411
6519
1213
3326
6495
7616
9722
9613
8678
560
6459
642
8304
7000
1867
7083
2101
1895
3871
9257
979
7638
2289
4848
4843
7071
4385
5750
4390
2563
9621
2325
5951
6599
9297
3991
5381
258
5476
7978
298
4297
9185
789
9897
8964
4142
3498
6635
775
9992
3415
7089
5841
2365
1800
7737
1824
8054
3993
5668
8014
2365
248
4578
764
1387
3646
1539
1502
4307
7003
3675
2598
3930
6087
623
7387
117
4301
5799
7420
6338
71
47
8608
7059
8779
1044
6191
1159
5838
4789
5054
5247
156
3737
1953
7320
7072
8001
6612
7567
3665
3480
2344
8781
7691
61
9464
9477
7800
1636
2674
9683
6524
2997
3428
8051
5702
4259
1759
7575
1229
7168
690
3578
3006
2603
9057
6
1359
9216
5830
6571
6026
6771
8327
2040
1259
2186
5510
2243
5212
3945
2476
2917
8748
8804
8440
339
4041
9630
6545
1345
9535
2616
1844
3776
4666
4471
9552
7234
6442
1584
1900
7166
7101
3165
1476
6743
2542
6311
7319
2396
2450
1786
7929
8747
4419
5246
7951
618
3360
4147
8816
7722
35
8741
8321
7198
6292
8752
9913
9643
7936
6544
5970
3241
8957
860
5179
8168
5763
5174
2976
5996
7441
9812
1127
8451
9466
3387
1631
9475
1940
6345
770
8208
6610
1164
4526
9735
1279
5639
844
8333
4680
6598
655
4800
4150
1277
2941
2216
5815
1582
8532
3286
4224
5906
5216
5116
9967
6212
9592
6174
4212
8139
8574
65
4858
1196
3947
7630
5195
9794
7420
5871
9289
7870
2656
2320
3910
36
2906
6833
9643
2325
3276
4263
4505
699
8392
323
2703
2971
9220
5901
1997
1761
5932
508
4048
841
3805
6912
4195
3385
1227
1768
1007
5059
8315
4186
8130
4754
3238
5877
5822
3534
6887
749
4297
9721
284
9586
6007
20
703
5119
6667
7161
5512
3188
8937
3914
57
7792
6684
1708
2166
5403
3642
5730
7366
2000
5050
777
7744
1571
2414
9079
4478
1208
7745
6759
8360
2464
11
3518
4271
1254
7212
5914
2388
8733
6664
7319
4407
9809
2575
984
4268
3221
5027
6802
9568
1830
1651
9078
2915
6347
8950
1676
9902
3753
1863
8419
8222
2301
6051
6483
5740
3282
8216
2642
4187
9910
3539
1613
8434
746
4586
3427
6637
8175
5766
5627
8565
7511
1324
1932
3121
2710
5565
7435
1523
8813
3119
4450
1440
9669
1846
3758
3894
9759
5402
3229
9607
1618
7987
4183
9950
1209
7033
1658
2575
2647
9550
2707
4348
698
166
8558
5986
5775
4988
7225
5926
6283
8230
1255
2211
230
5649
3834
7526
2254
9860
1841
3599
8196
3114
7542
1358
4553
1579
3084
8818
8667
4942
9907
7485
258
4193
3490
2886
1556
758
8871
681
675
4417
5325
3348
9412
2729
6221
902
3718
6587
8309
8272
22
5030
2379
7662
4758
6087
2126
7935
8521
7121
1865
9634
4682
6360
5679
7305
4708
5035
21
8813
9513
3857
6157
9857
4656
480
6005
2120
2215
825
1340
3278
1374
3664
6299
6280
35
9513
642
9447
1179
4812
2148
2145
7393
1318
3727
4072
7429
7747
1226
3194
8379
5134
6766
3973
979
8155
7314
4482
3148
9222
4690
9410
5345
7599
9129
6174
8240
9198
8791
9354
8579
6206
7146
1050
3737
1539
5053
8879
6357
4540
5379
2083
1733
8387
4649
5502
7296
5501
8719
8549
2008
7774
9941
3223
138
9031
8240
4661
9865
1799
1085
7618
6072
7386
7119
3077
7572
8444
8339
4223
5737
4768
3719
113
722
6539
821
9157
4414
5392
4325
1001
4483
7850
1131
3983
8054
6523
5704
1310
7506
176
5872
5576
4344
4707
368
811
5899
8387
7325
1887
2342
500
1588
762
1610
1106
825
7425
3708
5184
9892
2118
6685
5489
2130
8726
1156
1675
3322
8715
3617
4473
8566
255
5205
2809
1095
9365
2447
289
8997
84
174
9638
2174
2343
7454
756
2618
8541
5840
5991
9046
4056
9073
936
8462
8500
7914
1551
1666
7213
8342
3618
4694
2813
6936
2219
9663
787
4971
1155
768
2952
3674
7320
6662
5571
4032
3856
5792
4327
8252
4917
4652
2354
4842
5079
8917
242
76
1055
8833
3472
664
3900
7430
1999
6638
7473
2082
6424
7444
352
9919
8263
6879
7437
1610
6597
5793
3803
1158
5
7349
7013
5707
5959
6129
158
3002
8685
8521
7463
3184
1825
3053
2304
4651
7016
5378
4852
1742
8254
1581
5878
367
2814
9413
8360
4768
2239
8489
7223
1508
6178
2883
6823
9568
7648
4859
833
5141
1614
9656
4819
4949
1242
5978
6945
3571
7904
1519
551
4214
6034
4699
7138
3361
6718
2584
403
5882
6124
3674
795
1017
8919
1898
7898
2715
3419
4138
9082
4199
9419
4546
4102
457
30
2840
9835
127
4770
5613
307
4940
222
2187
2285
2872
372
5336
4844
7907
5127
3852
4409
5403
4391
9726
902
7945
8271
7633
5022
1052
3138
3621
1475
1052
6318
1707
6169
8438
7624
9729
6123
2403
2318
1708
7133
5312
7108
4311
6082
911
7340
8076
1030
2135
7016
7947
4201
9951
882
3390
6046
6442
5290
7404
3416
5469
6345
4424
266
1110
494
3474
346
5707
4734
6824
9924
4380
8671
8696
8607
3981
6102
7449
1673
1558
7651
5646
2801
6693
418
6289
4401
1317
5407
599
6160
2700
3304
9092
5708
2965
2359
144
648
1839
7273
1464
8053
2457
2101
1788
33
7675
2545
5159
6396
7648
7128
4116
4969
3880
389
8333
1704
3839
3213
3588
8699
970
3944
9532
709
8144
4094
1711
5910
8274
3482
5872
115
2968
536
8968
88
5000
1068
9884
1317
8636
1522
8258
4745
3078
2751
373
2942
3409
8700
3803
6918
8109
888
5555
9772
9573
5450
595
1397
6124
3661
9926
3552
2617
9435
7142
6637
2572
1511
5289
1964
6073
8388
2171
3410
701
4985
9008
7946
3527
9597
5842
9147
7906
1140
1202
9612
9371
7550
3991
6475
7532
8176
1298
7597
5846
5531
6254
8120
6950
5651
2232
8246
9157
2911
1688
7550
9818
6171
3574
9962
9977
5438
3285
3951
4318
5250
2094
3124
4714
735
4872
6622
766
6351
3910
2162
5875
1224
2293
1006
3890
1566
5348
8251
3722
8856
6330
5711
2114
9929
6969
2250
772
3512
2152
6627
4448
2868
6318
2225
6430
3834
9919
2271
8920
6215
8231
9171
734
825
1025
9635
9889
4513
4325
5548
4785
5437
4334
3241
8410
1215
5801
4716
3531
1674
9663
669
4753
2637
1276
5480
6516
2319
4570
6421
4962
6635
9233
2970
6123
332
3361
7943
5112
950
5559
950
2565
1946
7075
9769
7318
720
2532
5634
5757
877
8642
2884
2406
2301
7063
3433
7680
3397
941
4795
3744
7600
7180
8828
6535
6614
5840
8331
5402
3502
964
782
3784
1338
8022
9399
1321
8858
6197
3399
6993
9500
6263
265
7874
1183
8217
5197
8360
1630
2357
8032
2686
4330
8125
1725
6769
9702
7667
5969
8547
9762
2763
5436
6263
2399
5537
1134
5978
3032
2575
8650
6312
5306
6960
2889
8671
9598
9220
3564
8618
7493
6623
6267
5328
9762
8929
166
3647
9055
5113
5664
6846
9518
4194
4355
7626
6894
8635
4589
487
9403
7256
7533
8051
3875
4114
5530
9384
7742
6235
1068
5919
2585
5327
5881
2886
8958
1510
1503
1605
3735
2478
9838
6090
8776
6209
6272
8370
9881
563
8363
814
7766
9449
8982
2294
7993
7357
9988
7454
1029
6539
4820
6014
6657
1666
2593
3284
416
7564
5311
5032
4890
6966
2268
6372
8889
3355
9858
1046
7699
9498
4167
699
3861
4159
9462
4903
7152
6002
7519
2913
538
8120
363
2883
6530
2196
6461
5239
8740
1324
5928
1206
5542
7799
3819
5711
8080
2384
1430
3510
4304
6533
9125
6875
6511
8424
1409
5101
6385
7523
8230
997
5623
1652
1244
243
5684
757
2321
1224
1991
2778
6965
6062
2113
2338
3959
7822
7439
6683
3719
3988
5424
9790
2830
5560
1074
601
3924
9250
8229
8114
6393
7406
9616
6792
7705
9757
5203
1657
9041
9205
2834
8306
1057
4234
7616
5515
8420
607
9572
3748
2580
7402
2007
3619
650
5703
2821
8252
1635
1484
5196
6273
9166
218
4038
6629
3299
1138
9317
3223
4041
6037
6114
684
585
7873
8580
407
6919
8333
7544
875
1774
8948
710
7225
991
2623
9643
7891
4447
953
7387
1350
1256
1678
2397
5133
7530
1654
2652
3981
6974
5140
3261
6432
2645
5506
8013
1575
2245
2374
1256
8383
5431
2039
9601
190
3506
900
9503
4477
7730
3682
3653
3078
6181
6282
9568
4585
1362
5050
7655
1032
7932
5947
3001
6093
617
9032
2758
2878
8887
7107
2233
7434
7474
886
788
4869
1756
9534
488
757
1454
5331
1792
1465
3510
9888
1372
1173
7121
9025
450
7166
9838
9085
3311
9506
5497
8600
9128
3721
2890
5782
790
5129
2021
9503
8592
3491
442
8174
3776
4441
686
8537
7732
667
2302
4876
684
5164
4094
3842
6637
8673
561
5037
7325
5385
977
4331
4474
3221
4458
9169
3101
6641
1793
5574
3513
3497
6812
3088
4976
1517
1700
6101
9726
9125
56
1662
4562
5351
4577
8038
4605
1120
4307
1972
3741
201
9960
1329
6465
4996
9016
799
3145
4676
7835
5519
5192
1863
9196
2096
3510
2222
4880
2760
4508
4304
6144
7734
462
4040
2038
8956
9042
1187
8846
6976
5192
5868
3139
9373
5337
5391
6564
8851
2040
5480
6694
44
2298
8084
2199
9843
3105
2837
5966
2329
7593
8074
3052
9784
9093
9993
7865
4727
2440
2391
1050
7288
4329
6478
3638
4398
8188
1550
8147
2604
8684
447
4442
1840
8567
1429
5978
1032
3115
5133
7181
9766
4539
500
1110
4792
9863
5186
2700
4206
9418
1807
2850
3773
93
6011
6141
5515
2551
4103
2828
2762
1445
2405
4975
498
3835
3481
8993
378
9709
89
9759
6679
6637
4831
5788
6387
4901
8982
8771
6834
6941
3906
7702
7944
8687
2350
7751
1179
6156
8162
5490
2461
3454
8837
5397
6994
3550
9887
9287
6679
1755
5359
7560
4275
9018
1426
5601
2507
8821
7233
2894
1144
1558
2952
2273
6640
9398
3670
6046
6365
3734
5960
1530
6800
9052
2111
3394
8809
3808
8645
3895
7117
5079
3104
7444
5809
8236
3873
9175
9634
9007
8302
4717
3989
2958
9113
158
6588
1123
3560
3931
788
3752
9153
1634
9322
8898
3360
7939
7223
5906
5565
2241
3312
3871
6991
8335
784
7385
8202
1964
6991
9263
5046
5251
4839
3955
8635
615
7344
8159
53
7770
8932
234
3002
542
1549
7892
9480
5164
6740
8350
2238
983
1741
7263
6272
8604
9759
1690
1283
6781
9415
6252
8351
3735
1836
9535
4412
3697
2112
7359
7925
4249
862
343
899
8800
4214
9078
5849
6585
2066
4517
442
3506
9016
7356
9341
8754
9775
4471
9912
9123
8909
42
8845
4626
835
5666
7748
4426
8713
2805
6109
6499
5607
5000
4737
9571
8713
9918
2075
9213
5795
1099
2079
8119
7346
8391
2913
7035
9191
2525
40
2894
2300
6548
3307
2633
5619
5718
6886
6196
1379
9064
3281
662
7799
5208
4546
1786
5680
3646
8509
2277
5858
850
3994
3531
2905
6574
143
3503
1368
577
668
3693
2940
1017
8444
9981
8999
593
2624
2403
1415
4407
8624
3424
6481
6426
6867
7195
7362
4939
6928
122
1581
2025
2182
7675
432
2814
3840
695
6847
8388
5698
7793
6051
9548
3368
6474
8257
4477
4045
3913
1710
110
6796
6742
6318
1126
3274
4274
1881
916
6053
3405
5601
6779
7928
8798
1200
4285
8307
7490
6662
9583
3137
5670
3202
2386
3632
2799
6835
4079
6773
508
3334
6746
8310
8743
5682
9378
2530
5077
7230
6935
3451
2698
5972
4143
3020
4957
1525
4121
3104
2808
4982
4621
3408
7093
6716
931
1394
8417
7656
5917
5466
4955
6188
5083
8804
5733
3634
6331
9643
1664
3314
4543
1160
6991
2865
8987
9377
2891
7087
1425
1836
6566
7560
7053
196
6692
141
2223
2804
1692
7923
8711
4670
6435
5337
3835
1568
5025
2153
577
1374
8713
5576
4710
8000
362
870
7628
2539
133
6738
2192
7694
5838
5597
7912
4826
2320
9414
3608
2544
420
2867
9502
1590
5298
7221
1051
1232
4247
1088
4524
3190
4470
4518
9522
641
1115
258
6501
2608
6473
914
5243
9528
7375
3783
4470
8901
823
431
6781
1909
7090
9179
3200
8976
4780
7807
3205
5337
8945
2694
8260
6530
3323
1758
5751
6490
1411
8144
3269
6006
6823
7467
8816
376
8176
1270
9938
9501
4179
7714
1427
5864
8166
4872
3048
814
5688
1412
6901
1611
9807
2340
6337
5314
2161
6158
483
528
585
1646
891
7110
7685
3661
6507
4347
144
3787
7454
4245
4146
2195
3778
2915
8050
1564
2388
2590
9832
5548
227
8919
7326
5332
6103
7069
4406
1214
2611
5329
7063
8728
7390
5424
2168
3483
903
4323
2266
7337
3860
4561
5436
3142
2274
8321
5024
1808
8144
7126
7589
5722
9049
8654
6329
3821
4793
3930
1093
3373
1719
7588
1653
5015
2049
5146
9950
1373
9348
1082
9505
1972
5304
5580
4763
3334
5586
3990
2823
4681
3839
8498
1938
730
7669
2022
8610
2627
7175
9877
1109
8745
7932
1229
8752
3596
252
7817
4072
2144
2050
7397
3535
7843
4853
745
3630
8386
6602
6118
4393
8802
3674
7216
1739
9883
4163
7113
5016
3747
6611
9099
5584
9230
6737
7211
4817
8431
7458
7481
1234
2270
3779
3158
201
1786
4243
4951
5537
439
1242
2208
484
8765
3762
6969
964
8334
7793
41
5811
2434
6470
803
6811
7454
2443
7979
7189
7685
1350
8131
8206
3250
6055
3207
7173
8555
9231
5680
439
9905
5723
4257
2620
7831
6021
5339
5366
6567
643
2328
159
6686
3778
4443
3429
2997
7727
1608
8261
1980
7022
4291
365
1643
958
6168
9809
9947
3461
5606
5080
4673
8335
8350
6984
2954
1905
9846
9280
2505
3395
7226
6865
3684
984
5305
8159
3780
7205
2090
3749
9487
7777
2216
5608
6648
4208
7010
8286
6419
6961
3673
5440
1744
8904
2734
7995
1784
189
9912
1473
8184
3912
5734
8648
7914
6995
7379
3034
7165
4010
8455
8609
9947
1016
2122
5953
7907
9461
6544
7096
9835
6145
3809
1636
1999
748
3495
5155
4977
7844
5859
5149
3753
2114
5043
1590
4810
1938
9087
3295
1015
3865
2624
8423
1753
8922
8310
3362
5562
4716
4146
9703
7392
7489
9376
5670
1645
6749
91
5525
7377
6532
7126
3477
245
7458
1978
5558
9637
3029
1959
2609
8525
8781
5994
1076
3321
5775
1918
621
7175
320
9345
330
6459
8367
3096
9841
9102
5985
8583
6992
5440
9259
6897
6522
676
6113
1819
2661
4727
3799
9468
3451
2668
3419
6061
5645
6900
1212
6523
2647
8228
1435
606
2016
2068
2822
2431
4599
9581
7146
8101
6220
9434
998
4503
9141
6661
2067
229
5164
4945
154
6150
4688
8030
2469
8729
9149
3924
5481
4252
361
1107
314
3842
3242
1300
1932
7846
4760
1792
1773
1186
511
7800
1112
4599
5512
5466
7605
2832
5002
2785
6789
2647
7012
6496
4831
7173
1718
2217
4071
6852
8011
6720
840
7284
1614
4751
4911
1623
7577
2168
7498
6217
5625
3986
9542
9216
4000
5015
5748
5132
2862
5450
173
297
5770
2514
6002
9624
721
8320
3695
8271
1184
9054
5363
8928
9116
5081
5045
5620
8025
6845
4336
545
3424
3958
9558
6965
3119
7867
6995
219
9759
4426
2737
6720
1459
2091
1820
1297
7987
7549
1591
8029
1387
9159
2906
4159
1309
3000
7364
3083
2636
5472
4635
6503
4511
6285
6791
9317
3438
8600
8020
6608
3643
4285
6308
1420
7866
4074
3009
21
2389
3536
1879
7613
7805
2180
8770
8687
7856
9112
384
2104
1867
35
8284
3994
1773
1975
173
6161
2734
1034
351
6035
7417
7809
7514
6684
4485
1563
3515
9575
6254
9864
6548
1808
7363
1163
6622
8361
4564
8633
9175
9398
3358
9597
5147
8637
8393
7588
2939
8338
4418
8770
7472
8583
4924
6823
1348
332
441
6851
7885
4342
5931
2929
1121
4567
6603
845
4029
1646
7539
2316
5194
5116
7247
6726
6359
5052
912
3648
4806
2590
8436
3753
3844
3886
8152
4426
4894
3299
2869
6954
5948
4006
7181
2797
1839
271
1194
8997
5350
1423
1756
107
845
9310
6903
9009
8662
7585
1221
9032
2610
2606
2685
8020
9053
6704
6042
8940
8788
7224
4684
7242
192
8432
2812
9362
1543
2814
1577
6168
8755
746
2913
8850
2911
3687
7735
7860
9228
6744
358
4532
469
4390
7900
3563
7387
927
9836
2491
5209
8469
2774
3124
4314
5763
8459
4117
8129
6695
6594
3008
3914
9464
1974
8219
2152
218
2906
4467
2301
2245
7184
168
1783
4936
845
3602
1841
4033
7762
8566
4374
5274
1889
6188
4662
1006
5534
3022
2572
4965
1349
1405
3905
5657
1535
8888
46
852
8450
6719
4461
8651
7340
7540
1265
2645
5675
515
4497
3312
2166
823
8703
4728
1532
6693
2855
1852
2798
9850
4634
360
1249
5536
3847
6849
9497
7940
8025
5725
2974
8562
4122
1007
2270
7520
6872
3254
1177
5161
871
1306
5719
6702
8088
7769
6933
7878
1405
934
9194
3838
1025
9983
2962
9411
7796
8448
2905
9852
5558
5688
9331
8614
1642
3286
3274
219
8042
2749
3155
865
1643
3783
8340
3583
912
5198
2374
4235
71
1467
4915
7345
563
274
3714
593
3161
7049
8593
1331
8232
2096
9969
5917
8198
5251
9897
837
714
8347
9050
3179
5746
2671
4888
3360
7751
27
4493
5346
1211
364
5573
295
5045
7854
9881
9153
2440
6117
6096
3860
5415
7979
1582
6025
2708
9100
6600
99
7490
226
357
2727
1025
9735
6256
3520
5906
139
8806
6880
735
8923
1538
5036
8975
5203
874
4221
2905
5825
8116
5792
8198
3946
6958
2980
3944
1631
1639
1578
6187
9627
5305
367
8173
3250
7793
8809
4151
6435
5541
7262
8699
3680
1154
437
4096
2439
4842
8531
7719
5830
1531
4345
5436
1701
6301
5310
1049
9487
9561
8218
2511
2775
4880
375
2128
8040
4417
5864
9544
6025
1523
3268
3996
412
8493
6045
8976
8452
5508
8370
7487
5841
709
7494
1513
2610
8290
4191
990
1387
7846
3154
1599
4086
3135
6644
6200
4304
4523
8113
5682
5189
3552
3992
4502
8802
6397
1467
9655
2151
3488
426
2686
3738
6195
3820
8215
472
2459
8979
3107
9871
9960
9131
1183
5714
3546
8942
936
1387
9811
9463
4044
4901
194
7694
942
6639
7155
1278
1241
3376
8942
7723
7256
8006
755
3249
5856
815
3980
6286
2330
843
6641
3482
3491
6159
6974
2933
5701
2101
4787
554
1902
4256
2270
220
2479
337
3397
4158
6815
7960
4518
3680
1925
8730
7934
4899
8163
7914
4757
7558
8332
6839
804
2035
80
5753
3975
1127
4094
8702
7263
672
7147
2559
5877
4695
1194
8833
4313
4037
5088
3928
3641
5764
5988
7627
3979
6002
2760
9400
2958
9742
7897
2397
2213
4725
8540
896
4361
700
9503
3460
4459
6263
2806
3105
1611
9350
6101
1789
7191
5367
9596
2086
3926
3853
5552
4799
5000
6826
5224
2472
2667
3738
4438
2150
1416
2054
4987
5207
1934
3229
6372
7065
4364
3338
3413
3359
4177
6082
223
4440
2486
329
8008
6513
4187
2773
7036
8884
4806
6710
5364
9128
5202
5383
4001
3808
6970
1414
2438
4611
9196
575
5931
3792
6589
114
4146
9276
5028
243
4665
7413
1631
2749
1605
9991
8777
2802
6402
172
2110
1969
7874
4575
9489
1223
4639
8313
3250
1676
2198
5533
7511
9438
6617
1655
8595
744
6581
1800
9545
3031
7807
3979
4578
2568
6139
5589
1069
451
8633
6334
6733
1191
5108
6925
1252
3091
2710
1774
8357
8792
4440
4991
6889
7083
8041
4131
6296
3945
2918
3318
1220
6119
6298
8496
9585
3310
1433
3153
6098
5593
8221
3721
9031
5153
3293
7156
8224
3776
8460
142
786
7410
9398
4288
3193
9970
8181
9354
8191
8948
3024
9716
8721
2656
5242
328
3793
8221
7021
3094
5178
8494
4180
6934
4418
5028
4406
3446
5419
3756
248
928
7307
1729
4751
8292
553
2113
2501
2127
6310
8821
2720
5297
2576
7375
7802
5633
2431
9063
8446
7006
3384
8879
8596
2579
7867
553
869
7214
2288
8147
8163
1894
526
4528
260
8577
1478
5661
7223
5076
4854
4882
8568
6200
9289
6746
755
1818
3931
7666
774
5950
9993
2126
2828
925
3852
3188
8864
5
6255
2367
874
4015
892
845
8830
4903
7608
1629
3405
1705
2455
2469
5119
817
1439
6940
5405
9533
5641
7123
4693
1852
4273
196
8703
3917
9401
6712
3495
3981
9940
4000
3849
2984
8981
3755
7412
654
4894
5815
6088
5962
5257
9460
1301
5320
6383
132
4515
8754
3079
9166
4024
7316
4768
6543
8536
8420
892
1380
212
1240
5857
599
7705
2754
4765
2781
5612
2789
3691
9467
7119
9030
3175
6923
6301
7054
2641
319
6092
5903
1411
4228
7805
7717
3225
9065
4915
956
2394
7108
4378
5340
8944
1943
6478
9166
6152
4254
2740
5950
8571
7128
857
5450
499
1069
731
3460
7643
7999
7795
9618
6473
5681
5517
6929
176
4712
58
6755
1518
8107
2590
437
371
9707
8661
811
9566
319
3202
9001
6076
7688
6298
6833
3755
5015
6684
7073
701
8100
5170
3613
8205
3188
7914
622
8286
8766
9342
1974
102
3219
9777
3236
9913
5045
6272
6724
8752
5229
2446
5274
1919
905
9131
5195
9433
8756
6719
3167
6704
3014
9305
2323
5469
117
3638
4547
8948
9934
6619
6666
3734
9984
4287
9777
9643
6881
9451
553
9645
501
4558
4565
5064
7483
6503
875
6022
904
3926
8457
9806
1558
1797
9068
2231
9967
2108
9711
6801
7992
4345
2376
6647
1621
2702
957
8836
4199
2474
136
4043
4853
3429
3735
8885
7646
9332
6548
1161
9907
317
7682
7326
9436
9371
8330
3625
3089
4198
3663
7813
7510
6922
4542
3028
5907
5385
2191
3619
7596
1758
8542
229
3488
3382
4328
2619
2235
7168
8548
4613
7283
366
597
3702
2263
8699
934
4024
3954
3148
6431
6038
1314
35
996
910
2207
3918
8976
4302
5019
9544
6526
4393
9682
8015
5729
4080
8721
7857
1776
7130
7244
1212
2763
7219
5728
7465
1085
980
7142
2889
6557
3235
9041
2217
4877
2130
1769
9381
7652
6438
1067
6386
8359
4336
3798
2397
4578
5749
3269
2307
8533
5761
5000
8215
1582
4918
6804
934
4369
1909
4449
5471
13
6965
588
1129
5212
25
9120
7310
6664
5561
7892
4656
8930
9842
9139
8831
1722
3550
8633
7501
175
3689
6620
9062
6957
8763
5281
6060
5744
1974
7722
9992
4978
1186
8186
8752
6767
3149
4387
6080
2428
5281
4432
5216
1661
7031
9156
7909
4657
3274
4464
8652
6614
7406
3068
4220
2959
2685
159
5624
8601
8918
6064
4507
2368
6856
7709
9828
1087
562
6294
5015
3482
6005
2763
2623
2720
3854
8926
2415
9018
8549
7238
7615
8908
8481
4226
5308
1524
6498
4337
631
8264
2359
7403
9036
7713
2380
7067
8470
1884
120
6925
478
