9181
9318
195
8038
4278
897
4174
5136
5517
6735
7203
4407
7908
4930
2190
5425
3738
1905
3936
3934
4429
7338
2059
6167
7752
3474
6192
5467
8001
8882
8355
3223
4094
7452
2894
498
4191
8424
1907
8142
1791
9725
8226
3641
5517
8581
9294
963
1352
3269
1840
1313
2765
9655
3852
2737
4533
1141
6830
5571
85
7090
2629
248
6473
1983
6006
6404
3835
261
8206
6557
2860
6231
2550
5113
4603
8890
3910
42
9250
8564
9443
9896
7504
407
4716
3627
5050
6783
6617
8291
4861
5215
9524
4503
7285
3978
3283
6167
9094
1457
8605
6713
6239
9736
1447
6913
8389
6491
7602
277
9191
2239
3012
5821
8768
7025
5570
1691
605
8865
4909
1140
3778
2303
6890
1370
1785
6350
202
862
3088
3922
1797
3633
8528
5379
5969
4718
4726
3560
9698
5769
8836
535
5862
3915
9605
7950
9769
4632
4842
5832
5488
322
1945
7297
9158
3057
4471
7539
5487
3981
5982
5471
5149
3089
9080
9888
5800
5715
4822
1276
3820
3539
4457
5790
2411
9019
1080
6038
1037
547
7830
2285
8522
8611
5480
3098
1599
3663
499
168
1791
4017
9939
8855
8435
4403
668
3716
4961
4439
5667
6908
8141
562
6421
7597
4629
6965
4661
5373
2037
4517
1014
8360
4762
3455
6590
7870
5186
3254
4958
2174
3916
6202
3707
506
3564
6589
9003
4676
8613
6780
66
1356
7141
3921
1307
281
4462
2577
6658
2701
27
2595
9850
3744
2098
2603
5097
7340
9092
6831
2542
2860
5262
7701
8586
6112
2816
3823
1473
8390
7249
7904
6800
505
4751
2946
9343
2737
8999
1784
8489
8975
4285
2139
8087
7927
9001
681
7352
7396
571
6334
9149
2227
9310
6465
291
2985
7292
7435
3840
3634
6103
4065
8279
4431
2596
9551
3997
1861
5193
845
7608
1752
4378
8015
7257
5595
2284
6437
3713
6670
2337
5058
3110
9924
4434
8611
562
736
7634
7775
4745
5602
3543
5929
6228
4413
592
2751
9907
7063
180
7867
9977
5155
5192
9972
8522
8413
5610
6304
893
6504
9638
4236
4737
4580
8443
1666
1505
4629
6884
3501
6705
8185
3528
6924
2077
2321
2527
3651
3503
9077
7987
1411
9888
4647
7183
4042
2670
2592
3670
5279
5503
666
4909
3748
2043
7885
7833
9693
7850
6394
8812
414
5613
4799
9572
3567
4010
4864
9124
8784
3141
484
2334
9458
6855
8105
830
1203
1891
1249
6779
3566
3473
399
7983
9602
5534
8829
9166
4792
3724
582
4047
9296
624
5403
2438
4457
1958
5875
1108
883
9874
9899
7911
5819
647
3336
687
9896
383
2218
3339
3937
7841
2676
2415
5753
143
685
260
9061
3914
6174
9332
3308
8777
7974
7387
1109
3768
6333
476
7831
3255
472
2115
9635
4492
2530
985
1637
7287
125
2745
3452
3057
8630
6869
4387
2729
5606
1267
993
3733
8535
3137
2901
88
7833
1588
7754
8344
1456
9194
9604
7575
757
9776
4709
7538
2854
1583
5418
2008
5872
6252
5284
3746
8887
5745
9877
5787
4557
7277
2914
8023
905
3887
167
5468
6987
1928
9459
5326
2185
1265
6771
6145
7763
7361
2229
2119
4317
5616
7415
9902
845
8855
2749
5166
911
3933
4811
7548
3352
7687
3379
6927
9085
6655
236
1990
7883
6344
3245
3067
3968
4797
9606
899
8
1356
17
5304
2497
1400
6682
4987
6197
8292
5345
688
7865
8553
5446
5261
7237
7946
8695
8892
4100
779
8877
8275
5778
8497
1948
4188
9973
5510
1545
2226
9612
7160
7643
3242
2134
980
4529
3122
8300
6909
9347
7458
3967
2737
5333
9774
9631
4671
7549
3804
8648
7540
4811
9409
5157
5595
1668
4161
1886
7498
9406
4291
5495
5962
6432
9614
7435
1906
4758
9812
7874
2429
9316
8376
5467
8460
5568
2476
2641
4643
6980
9122
3102
2539
4090
5274
3476
2720
2698
9636
212
6603
9700
4499
1273
6759
1378
8163
4602
4371
6230
648
3794
7558
5839
1454
3537
5848
3348
9886
8140
8642
2876
1027
764
3487
8822
9559
5595
3992
1672
963
3762
4690
1711
8124
330
7769
1181
8686
5632
1661
8024
2460
4314
3921
4484
9167
1752
9391
2853
7009
2001
3291
203
674
6153
2218
4441
4305
2148
9057
3594
6248
188
8653
9608
1850
5905
5532
93
1568
1715
2222
5900
6065
1139
9585
8569
162
631
5120
580
9664
9729
9826
766
6750
5943
1389
1023
4065
8512
198
7220
4534
5215
1724
8282
6307
9200
3571
4872
4493
9803
8623
2222
9068
8481
4392
5647
9344
6950
7275
5865
8480
7829
832
6354
1782
7378
9874
9444
2326
8206
1744
2200
731
1077
9849
6024
5797
4343
8893
7264
2768
7381
3690
1180
6579
8468
5104
767
165
4794
6142
5192
5652
9269
5388
87
833
7741
4839
3573
7453
1167
1409
5629
7372
2301
9220
7421
4933
4711
1474
2509
4472
2084
8174
9779
9032
9425
4036
1896
6688
4159
2304
6194
6088
9310
3618
9431
5560
3927
985
4574
6205
4262
7892
2027
3127
4361
4367
141
698
2509
504
3333
1765
9040
4776
5634
2987
3140
7202
9935
1416
8171
2594
7755
3302
507
8057
4835
2156
1523
4728
1221
2424
5365
7118
2528
631
4422
2322
1705
5691
7974
2935
6939
521
8732
9763
3254
3664
7718
1639
6539
5364
4934
9007
4807
9542
8297
9360
7874
9824
7604
1330
4787
2185
3521
2383
6533
9778
4907
4200
4496
8471
9391
905
6493
1612
5247
2842
7545
7357
688
1211
7123
3782
8253
8926
2252
2434
3738
8103
2872
1946
3379
3166
551
9595
4741
1688
8053
2808
3828
2224
7525
9104
338
7980
7802
5105
9998
575
2522
1180
4659
450
969
8434
3981
5669
976
9823
598
9603
7847
2526
9953
950
4191
5453
4409
9527
3372
2954
767
4342
4657
512
6698
4900
1367
60
6600
4794
7154
8786
7079
2281
501
7179
2970
4467
5021
1867
8220
7895
5042
7527
4536
9402
9325
8188
7406
3883
2156
9520
1172
7412
345
1336
1228
8334
1100
3593
4209
6079
6867
3583
1983
5863
8254
1623
804
9698
5968
8293
3888
9380
4290
9860
7990
5542
6720
2957
2271
8656
3445
7697
1029
3196
5297
1851
4367
9096
1352
7860
7947
3293
9986
8610
5637
9632
9977
7176
2081
4961
767
6221
3357
7651
4925
4832
2094
9534
572
8886
2775
5158
1547
6763
4449
6153
9870
654
7300
4180
3537
1987
5572
9457
4086
6881
6178
9534
2294
1719
468
5543
7750
1094
8718
4504
8891
4625
7414
9055
4117
8079
5677
7466
3973
6624
2617
3475
7310
1067
8398
780
8312
9102
2836
9822
6156
409
6755
257
898
9721
9122
8643
1958
1593
8537
84
4783
4416
8727
5835
6264
6457
7007
7788
7377
5345
9606
1853
8637
785
9013
5947
9912
2957
2797
3417
3398
2038
9573
7828
5287
3797
1588
413
9463
9009
7187
5483
5069
7702
6325
4217
9946
2739
8394
2819
9181
2585
2599
1957
3285
1156
8467
2018
223
5647
1821
1787
1353
9949
7281
8189
3579
7052
3387
625
2514
8706
3534
4431
9731
5705
8450
6460
8764
346
9695
9572
2832
8126
7970
6712
1137
4093
4978
4706
9358
6249
9260
2886
5858
5859
9326
7003
7236
8653
5609
3536
9700
3673
6738
3090
7320
8812
6076
8498
5757
4066
4868
2745
2448
5695
1255
4154
9394
3377
5307
4966
9651
514
2873
6195
6636
8171
7895
2610
2807
7077
2444
8662
3508
3600
3096
2586
8929
6454
5958
5852
3639
7701
5730
7070
4336
2721
9815
5398
9675
4384
715
5913
2776
5186
2608
9594
9862
2573
9462
918
4618
5669
2230
3679
4338
5457
1153
7301
8015
9431
4589
1568
2018
2142
9908
1250
6820
3931
7273
3780
1930
4323
8040
439
5138
4493
4411
3505
3737
1811
901
9287
4643
8814
2803
412
5619
1110
7404
2424
6920
3349
9771
2853
4348
1853
7135
5167
2617
1399
4983
2297
169
1041
1712
4533
6271
2110
5083
6609
4628
5763
9163
5862
6225
9861
5841
8492
5205
9362
3594
3304
5625
9094
6317
3793
2693
8933
7864
1865
4075
6078
3356
2043
6071
1293
1634
9853
1966
550
1975
5900
1629
2075
5854
1174
7274
6853
3802
8732
5962
5507
2531
3795
7877
6765
1231
7422
35
7140
768
950
6245
9873
4031
887
3685
7565
8946
7419
8804
129
9042
1508
7930
339
3424
507
4980
2577
2015
7938
8648
5516
2354
1452
5342
3814
2044
4985
4886
3326
659
9645
4296
5239
272
8436
4002
4269
7050
5700
90
9122
9345
2127
9662
8319
6982
6193
665
4888
6352
4287
9828
854
3754
5810
5709
4183
5484
3866
5218
2587
1602
1171
9608
9853
2190
784
9883
2177
7893
6739
1294
2518
8828
4571
3316
3160
2459
8005
2475
1537
7281
327
4183
5929
5265
3091
7585
156
9280
1791
1922
596
9000
8372
1739
9550
5472
5341
3981
6081
790
1036
4333
4254
2033
2479
2930
3283
8924
5774
4275
4860
2852
1865
1436
693
5431
9135
6624
6787
6406
1821
4816
2005
2588
2645
2317
8813
2495
5632
4107
5942
2365
6241
7006
2036
2884
8416
4666
5887
2586
5567
5440
703
5574
6506
1655
4820
6893
9722
7257
7616
8026
4682
5165
2034
4190
2717
6052
3255
4580
8895
9402
8937
1690
211
7314
4163
7571
1869
7772
7180
9947
2548
4402
3027
3184
6620
516
4346
5059
3331
3340
6316
534
9349
7736
2990
1941
4227
9414
899
779
5894
9452
1859
6318
4486
4294
7145
6758
9354
2983
2907
4793
4738
4097
7083
5372
778
540
8517
4436
7715
9915
1092
6145
5905
1384
2540
4103
4731
904
7951
1468
3979
2879
7511
9471
9823
2666
6993
7656
2486
6036
612
2313
6971
2483
2642
8769
3806
7944
5874
7580
7879
1973
2143
3066
2306
4684
2486
8833
6383
4708
2524
8905
8353
4197
221
955
1124
2496
3418
1021
1348
4165
9746
5408
1861
1159
4845
2635
3784
9106
9802
6332
6999
4128
2409
2831
8593
4875
52
1951
5046
620
657
9497
912
8733
5549
6036
4979
1674
8290
78
1449
3972
3818
5741
3717
4984
6283
8401
6668
9256
6354
6888
9868
843
6524
3002
7305
8296
4782
5887
7008
7793
8851
6446
972
3825
6350
4485
9824
2119
9111
1622
6402
3080
4606
3435
4854
850
267
1985
7218
5688
2170
844
9721
5630
1678
9476
82
1801
5279
5559
6406
6188
9873
5759
9223
2281
9385
4904
763
8456
1301
1680
262
4273
1133
9879
1988
4415
6814
7218
7022
8411
126
2480
3903
4386
6315
36
5088
6668
1391
7697
8773
2065
4716
7824
9191
812
8204
3813
3499
6459
8732
9075
8349
1087
3997
6951
5744
4229
2243
5643
2413
1038
1210
4595
9036
1019
9497
1059
5776
7323
662
5080
21
5202
3675
5312
1550
2474
878
978
7822
2552
2852
5512
5341
7498
9978
1032
6689
2288
4407
2674
170
6362
8955
5199
8990
9114
2620
7603
622
9143
7310
4697
2375
196
1180
8976
5759
2623
4471
4666
723
1866
6149
8267
1577
9116
1222
6620
3816
1770
6155
7177
7581
9979
2097
6607
5350
5615
4804
5467
4989
25
8947
3204
2302
8759
5479
3298
1125
7461
3221
1328
9208
7717
2348
9254
810
6136
2355
4962
6526
5256
6909
1657
161
2538
8660
2662
5722
3517
5431
5150
8187
9060
1251
6923
8063
7688
3201
8527
539
3496
9816
4030
9803
6612
1306
8063
9949
6657
8178
7880
2068
8877
6293
6167
6271
222
890
3497
7809
2858
3262
9728
8131
5839
2959
7076
6749
461
4094
8991
5635
9539
5586
5312
6832
1384
2500
6448
5136
2887
1607
7561
5906
3512
8773
6258
8887
7826
4667
4473
1139
1721
4157
5646
5424
4561
4475
4507
886
3173
5000
4715
5376
9873
5892
6866
8796
826
4674
9766
8325
7678
448
3574
4019
4142
764
4639
3432
8359
235
6152
2771
330
8114
787
5865
5943
3318
326
5845
3052
1855
5958
2767
8445
6253
4127
4788
6512
2598
9674
2535
8996
8987
1951
5826
294
9682
4436
2471
8679
9414
54
1723
5976
5663
9036
9403
1858
2325
8641
2988
7041
451
3708
2883
7341
9738
3039
2088
5426
2281
1460
5184
3530
4322
1584
4139
5621
8818
5422
4515
3751
9845
1285
8885
984
4690
6719
9606
7363
52
9500
3588
328
8067
530
8745
5272
5182
4619
6300
2100
1621
9975
1456
7745
4760
2619
9893
3350
8658
2313
3045
6554
1032
4434
8959
523
326
2955
7088
9452
7958
7970
9383
6259
2209
6095
2795
9955
5137
7442
2785
4545
5260
5301
1073
6669
3690
6981
429
5147
6322
8808
2342
6890
9541
4224
7386
7472
2787
6710
3557
2878
6000
6409
9231
862
6948
6401
3029
456
2650
2251
4618
9192
8887
3194
8153
1588
7056
9546
4985
221
9378
1519
4091
7885
4149
5989
5965
4079
8362
1302
1844
6453
7751
2387
9142
9021
2285
7623
2064
5439
1456
2631
9770
8567
9717
3924
5582
7840
6968
9837
8623
2343
8972
3539
6663
6975
4313
2639
4680
795
7049
6903
2000
52
3437
5158
9229
4837
7567
9255
7755
2837
2183
9646
4043
3707
2228
2324
8313
7392
9295
6906
2215
9817
7699
7538
7425
635
7012
8664
3107
5618
336
4102
4551
1637
6824
961
3554
3829
1002
4553
3861
6428
9884
9923
6830
4131
5860
2376
719
8421
6006
8879
9090
5708
8718
8008
8376
9028
5202
5253
5022
6960
8068
8353
5591
8627
1694
295
3008
4058
862
4119
1277
7800
1773
4371
426
9047
5259
5314
9579
7645
2975
206
1886
3924
835
7737
2942
1617
2847
7978
5651
10
7314
9378
1076
8640
6024
702
5149
3386
6959
7015
2394
985
320
8243
6218
4432
5849
258
1702
8939
4726
7465
7318
538
3208
6131
4912
3004
5688
8207
2414
5712
3517
4654
7452
3257
3276
508
4515
8886
3454
8895
9798
1552
8379
9893
806
8161
9124
1537
8449
9399
7684
2218
7729
7685
4073
3250
6863
4656
7979
9943
9289
905
581
2568
4658
5529
3762
3962
6305
4755
6349
7540
6916
5952
2822
7430
5749
735
6446
6749
1913
410
7663
4695
691
6871
6039
3123
4565
5997
8226
8120
4531
2225
7171
8732
7717
4579
101
1837
6327
8710
9578
6136
5883
619
3254
794
259
3465
424
9504
3890
5846
7986
8299
707
5390
3892
8797
9234
352
5764
4435
5141
9141
5951
4491
9760
8205
8264
3440
8636
5104
1079
6909
4749
3546
1281
9324
2610
8648
2510
4387
5396
3115
6049
730
3297
3065
2701
9036
1224
3803
9635
6210
9918
2849
3147
4590
1491
8896
2160
7915
6286
6458
7493
6952
1016
4885
95
2399
9529
4093
5972
5551
3053
6290
6947
8581
1729
1696
3376
1982
4443
1941
991
6077
9587
581
4003
7225
7729
5092
2596
6184
4938
2197
8017
3053
8052
6466
8215
7486
9834
9928
6647
3252
8397
3686
5755
8440
8701
5144
3513
9398
7115
848
6933
5581
5510
323
1621
1496
5527
2048
7678
9662
2119
4493
4612
4839
8205
800
692
88
8771
5684
4320
1748
6515
2522
8924
6002
9368
7689
3986
5242
6423
9708
7639
8342
9116
9951
9536
8099
8146
7240
7687
3910
3973
8209
6412
2588
8041
8251
9588
9342
204
719
1932
5035
6615
2493
1572
6240
8615
3509
8613
2880
944
1651
5733
7418
9916
1664
7937
7751
7162
9098
30
5993
8672
2622
8272
8330
6511
31
468
4175
6110
4637
6460
8485
4097
1993
9185
4256
7461
9446
7893
5021
3744
2536
7823
6262
1089
7165
7249
4149
7679
8374
8746
8713
1201
4180
8275
4558
7955
7541
7114
7910
2605
674
9758
7870
2550
4052
2581
3291
3244
8092
7406
5780
4015
4469
3189
1528
6526
4562
3586
9827
9240
9
8465
2546
5672
7859
3144
7735
6818
2051
8671
3727
5598
7149
9290
450
4144
7765
4167
9804
7268
3717
3698
3285
4165
7252
2521
1494
3072
3835
5093
2197
2368
2021
3601
8695
1361
5240
6037
1269
6627
5730
3666
55
1656
5388
2338
970
7198
3494
4612
3338
2781
4468
7999
7297
7114
8049
6678
9578
2624
7592
6270
7864
1722
3399
1754
9909
6000
6013
2242
3984
102
9504
6999
2648
4503
376
5699
681
5545
2458
2303
2620
9578
24
5807
118
5898
8879
4716
8691
7168
7345
7673
9263
2988
3840
1042
9573
3677
3907
564
650
9266
6526
194
3163
8166
8335
8492
6652
5595
4386
4552
1066
2675
4889
6272
5340
1516
9919
6870
4728
3644
4339
6373
1476
761
91
696
3153
5464
3284
1681
4853
3073
2492
2783
5691
7066
774
2980
3043
5550
2908
537
5262
928
5472
4778
8703
7755
4773
2006
6219
923
2337
9690
4591
9466
754
7807
3309
6715
1636
8971
7765
8981
5450
1899
6425
2598
306
4684
7687
3903
6418
9707
3769
7989
1639
3622
641
2148
2894
8307
907
8759
2737
2132
9417
1070
3739
5839
1346
8172
974
6295
5672
3158
207
1618
2999
6114
1106
1606
433
1864
3256
6517
7404
4962
3796
586
142
329
2669
7829
8475
2479
8096
6756
1033
2522
527
6987
6800
4929
2995
8288
3796
3225
4263
2406
3214
2929
2708
23
4371
479
2646
7041
964
4013
3152
3732
689
7230
1322
1905
9858
3310
8742
9226
3102
3641
5191
2154
6465
7
3182
9982
8272
5991
1274
1940
4339
6984
7928
2252
6660
6216
4561
2986
2569
9969
1395
3748
6348
8860
1465
5307
3989
7893
127
9084
5983
3340
1363
4075
3225
101
8303
7400
4918
311
108
7409
4975
2773
584
767
4557
1943
3679
8097
7312
584
9508
3437
1446
7188
8507
4460
3218
7299
3418
1352
8916
1487
9341
3146
1098
684
8958
6299
1014
2936
3433
5128
7473
3045
7041
2710
7775
500
4521
5894
6115
2059
3409
7513
7704
7611
8594
1933
5073
8548
7403
8946
5775
1995
5679
6793
6699
4536
2572
5072
2093
4122
380
3158
3090
2825
6460
6113
1442
434
5067
2041
8818
7876
2305
520
4669
2703
6319
4373
3488
6367
268
2647
8961
14
2756
7191
4979
8658
3329
829
2729
6187
2568
9724
1002
6244
3717
9659
6200
7206
3443
7806
5922
4211
1917
2653
2630
7668
1960
7620
146
1491
6109
5710
3026
4392
9110
7401
6019
2013
6045
7110
6446
4862
1954
8215
8219
7564
2216
6089
4665
8280
2619
1302
8097
6101
5013
3815
6109
1560
4607
3700
7837
3186
9820
4962
4264
2492
6732
5446
5701
8657
9582
4052
4989
4275
8621
9971
6566
8566
6117
3957
6601
8233
1758
3823
8749
2561
9374
7955
4298
9991
2995
4743
675
3505
8463
9589
1224
4353
8351
9034
1364
3420
5010
2151
4092
9652
2406
540
5358
3193
7162
1031
7890
1789
7235
9623
6989
2162
9426
8608
5713
7989
2598
8228
762
9390
9787
9052
6493
4982
7171
420
4731
6453
3007
9872
9401
9826
1119
5621
9720
2895
4228
3725
1549
1632
8433
8710
4532
1420
2235
4942
6306
437
1207
6239
5
5794
5286
4097
8453
7432
1186
95
1215
3280
4322
7429
1112
9597
852
437
204
8326
5421
9145
2548
508
4689
2467
8760
7731
5455
3707
2122
3217
6747
828
7148
5596
6010
5066
4558
9847
5229
8533
8095
7016
462
2563
9858
5955
4716
8797
7709
7684
4583
4875
8388
6073
3862
9668
3435
2490
9187
1415
4877
9528
9935
857
7832
926
8596
1736
2734
680
2992
6043
6211
8355
7307
4758
1129
2354
3384
7453
703
7445
4801
9482
4722
2461
1058
4181
6268
1491
6168
5620
4368
8262
7002
7086
450
8114
9413
4750
3930
9654
7090
6826
6459
7848
4876
6393
9482
1759
4378
182
3370
4046
1253
9827
1339
7504
9319
4475
5392
1252
3157
3901
8257
2809
6577
9634
2703
8130
667
6896
7090
4104
1261
115
3625
5069
3234
9128
7446
9339
9975
4646
2600
2518
8126
9767
3631
7472
4601
8734
2068
4499
7340
4089
6133
1594
1721
9143
6453
6957
6871
5706
2098
2506
2087
6800
7749
3482
9838
9844
8142
8931
9611
4945
408
3081
4174
9121
2602
1352
4929
1182
9836
1346
697
5521
1395
2442
9139
8741
6958
3413
3039
3811
7742
5044
5032
8212
9541
3990
839
9947
5710
9866
1117
8765
2891
6856
2867
7864
2439
9223
3138
4459
6515
4131
6103
2120
9442
4896
6007
7450
3044
895
2388
807
5779
3759
8231
6916
4950
629
4423
9972
4237
5327
8394
583
5115
7474
9073
1544
3281
6385
1596
8581
9934
5339
4616
2397
968
9235
2576
1393
7447
8138
6695
6616
1199
5513
3194
4689
8783
1630
201
7737
9181
5137
3064
6962
8628
5693
3305
1599
3579
1273
501
324
3989
2516
2541
4019
8750
9008
4647
7996
8324
204
5441
2597
6293
2732
9479
4370
9090
3771
2711
1636
6597
4599
1002
2929
5588
6610
4365
6884
3377
4427
7061
9285
513
1484
4869
9367
4489
1627
230
4561
9524
2544
2678
8631
2171
7693
9311
3564
4523
6511
9137
2840
3805
6567
2002
2003
3480
2773
6207
8724
3991
4609
137
7261
5123
5138
7948
6560
1717
3206
2748
3567
5586
3937
6280
2241
5705
1563
4619
751
9304
1305
8302
1332
127
8817
4171
8916
5860
3372
2608
7835
2472
8008
1156
6462
9087
8008
6993
8027
1175
5339
871
1552
9839
823
3437
7463
5738
4745
8317
7422
4532
2039
8190
2166
2168
1346
3979
3987
3110
9914
1979
4058
7
5142
9940
8840
1808
9114
4777
6381
6222
1221
961
2744
8050
6127
9921
1989
2354
8917
6958
7062
2174
1930
118
1359
7613
2915
9306
6885
2141
3030
5692
8249
8027
42
9405
8230
690
384
5348
2689
7906
1557
4502
7124
8417
1
9942
3824
8118
3845
8
7873
8037
1520
6170
1754
3960
1003
355
5522
6506
2964
1457
7437
2065
1044
1128
4552
9037
7925
4263
2500
6927
8389
2690
2961
8591
8271
6134
9890
11
6748
3491
3137
7569
6147
4362
5426
4265
2193
4809
9939
101
4839
2489
796
7000
6128
3778
8095
8988
2849
3179
8791
4657
7179
7285
4779
3554
2791
3226
2852
83
8744
5008
5032
8986
1972
6647
7250
2847
5341
6786
5662
4372
7907
1763
5264
2899
8285
8128
2984
713
4031
4477
2507
5980
479
5014
4214
7581
2119
4948
515
9734
6553
2284
9299
82
7439
6874
9129
8085
8213
5301
7506
8156
2493
7039
6472
9908
2458
461
3404
6532
922
8106
215
8452
9131
1262
2510
3733
4778
3239
7533
3982
5768
5608
1841
5402
6050
6112
240
9491
5172
6562
4828
3421
9049
2358
2981
8464
9344
822
5410
3764
388
8279
696
3869
5375
7940
261
2437
6014
5123
9227
2525
1170
9461
338
1672
8875
813
9412
3961
7809
9226
4416
8418
2605
6272
1069
6369
5940
7183
7220
2626
5588
8985
8126
8775
4418
4036
8906
817
9945
6525
3171
1450
8656
6475
3341
8813
1921
8843
3347
7013
4588
3068
7599
3939
886
5540
4849
6338
3588
4784
5282
385
9328
4578
6368
6099
8032
2135
527
1722
4034
3281
2035
1654
6486
1469
163
4895
5707
8396
1034
9843
5002
2468
3896
4550
4498
6465
8483
6402
6546
627
9681
2807
7548
4197
7408
2716
5188
3223
8118
3198
3501
3815
9008
2488
1064
3679
278
2509
1157
6796
2844
9422
1601
1655
8719
9428
9770
593
5148
7767
2734
5810
2194
4821
6216
7807
3329
3178
428
8153
698
2516
1055
829
6556
846
885
8986
9150
4990
943
4385
2777
8882
5274
551
8078
5054
1420
7934
2296
9432
9860
1521
8881
9279
7353
2817
657
4713
6505
7955
3688
2933
315
5835
5281
7582
5061
3557
1921
4486
3298
1916
3519
2850
4722
7943
6099
2805
6958
758
1770
5485
4452
3773
4737
2470
6278
7956
4581
4233
5774
9749
1751
9117
3363
5057
2987
8977
1654
9708
6117
9546
7238
7091
9281
9477
1152
6918
4258
9105
5553
4253
189
1667
4824
739
8398
1271
4735
1291
3868
722
4038
8404
4775
4454
7645
2051
5625
1027
199
8400
8179
6393
1281
5063
5501
7973
3025
2348
1539
4786
2965
417
2363
5096
465
3368
2450
8972
4195
8208
7075
3050
4089
5671
3635
4673
6675
5418
4453
9108
3925
4115
9987
8435
2577
6241
7289
303
4869
9770
2175
8559
8222
5128
5630
2955
7108
5918
5838
4990
8515
6133
4702
885
6552
947
9351
3421
7214
5278
9447
6012
9058
879
570
274
6300
6749
4146
9947
1476
9826
2702
615
7481
8565
6755
7935
8377
5198
2144
2477
4034
2139
2869
6884
8104
242
3320
9706
9813
5400
4033
6563
8130
8486
2779
8582
3712
9253
8824
2044
5333
1742
8035
3740
2224
8820
8927
2582
2241
5498
5676
2759
7625
7150
9530
4203
7361
2018
8645
5134
1477
6236
365
4225
4624
5695
7782
8377
7589
2586
8464
6926
4006
1318
6062
6877
8356
765
5739
1221
2220
5926
9833
650
5109
3218
1132
1360
5939
3876
7765
9593
9235
1419
5101
6238
574
5895
5062
1412
9612
9403
630
112
1861
5693
1359
2146
7661
1598
2613
875
5006
2768
2246
1528
6320
9452
4422
5161
1218
7214
86
5115
8213
6817
9895
4527
1223
3663
1963
5655
1602
2807
8410
9220
467
4923
8201
3777
1423
3800
1728
2900
3404
8586
9334
3270
8664
6320
1879
8779
5943
2472
9307
7899
9879
5461
215
1391
7472
5034
3927
6760
7920
6919
6811
8073
172
4113
8348
3447
9974
6947
5716
1915
6095
3012
3142
5020
6375
2196
9306
9987
595
1182
6682
5325
3917
9525
154
158
3396
4480
7929
571
4159
8744
3139
479
838
470
7259
6381
6919
8833
2875
9435
2787
6129
4613
4213
861
1119
5599
4821
8269
9706
8188
1492
4377
1552
4145
1134
8387
3783
648
445
7591
4148
3509
354
278
6287
8149
8781
3642
3663
9129
8860
6609
9537
8425
5981
7274
230
2017
2616
952
9590
5121
6724
7381
8507
7961
265
5365
1021
4193
3769
5431
2596
863
8184
4298
2790
8891
8722
6415
9226
7564
9031
9090
6268
8641
4804
6924
7560
7013
9741
6924
2966
5963
4933
1788
5361
184
1684
9143
3968
9929
476
1228
1007
4438
3521
9003
7199
9286
9584
6713
4736
7891
4866
275
5980
7022
4388
8133
4064
7767
5971
8634
522
2789
9128
6460
1897
8071
362
1839
6802
9529
2376
6400
9414
470
98
9668
6384
2878
6837
7851
5757
2823
232
78
3041
7663
3843
8979
5104
2646
6488
5877
90
3828
1763
2661
7135
4816
1821
3835
7471
5556
6703
1404
4426
5990
6487
7433
7583
1096
3914
8100
5617
7431
4191
1619
4786
2906
3425
5356
7947
3267
241
4453
291
2553
3755
4631
9236
6697
7559
4285
9903
9299
8646
752
6612
1301
4192
6375
7748
363
8677
4507
2837
1499
2591
9993
2708
5478
5040
5005
9372
6142
4337
6404
8767
4064
9822
7786
812
2064
6915
4081
6442
4536
5405
9357
7219
8856
8883
937
9187
6629
1055
2195
7376
6575
3710
1360
7857
9661
7848
5259
3978
5858
7223
9037
8688
6672
1230
7679
9
2729
8750
788
2024
8809
215
1981
6363
7044
6800
4336
6766
8351
3728
1410
205
6973
2903
2952
2873
7199
6626
418
1663
6066
3056
6750
1719
1910
6561
4962
9028
7055
6152
7189
7433
4742
9636
2264
1537
5639
4270
6949
8995
4787
5821
142
3840
4258
6721
457
1707
1915
3124
5032
9617
7213
9367
2675
3130
3605
968
1536
2913
490
7527
4925
5724
5471
6775
1902
3126
1182
2023
597
8418
8665
1624
4814
8180
3881
430
3077
690
6202
5973
1350
2509
4785
2375
4876
6077
5679
8199
7745
2390
90
3207
828
7396
5553
4475
5963
2566
636
5447
3315
5701
9456
846
3930
1955
8350
3843
7789
7965
1201
1247
1507
5037
4507
8229
554
9217
2193
7801
9156
8189
278
2973
4342
9897
832
1448
8934
6951
2210
6992
5501
3085
3626
5672
4206
2493
74
7147
2393
675
6080
3518
1549
7544
5842
7066
8171
1148
1509
1537
6888
5189
5818
583
6318
2989
4711
3219
4954
815
1481
2093
7493
5801
5602
537
5545
830
3281
3519
5013
5562
3731
6661
1542
4550
1282
9120
5633
1232
3559
8333
58
97
6781
1330
3338
8734
4851
2377
9109
7831
8416
2392
2847
1128
9825
3636
3065
5366
7129
3947
348
1142
7757
2620
6786
6119
9840
9281
5882
5057
5899
1783
9553
8972
7857
5722
6915
6204
3325
6218
8788
7799
3790
5703
1242
3285
8580
7654
204
7858
5423
3705
9934
2254
1947
1504
6668
6
1431
5952
3625
4636
7866
4266
7794
2002
3130
8813
4301
2852
2984
8700
9798
4218
1267
5410
3746
1475
7602
869
4597
6858
8846
6861
9814
6355
7243
92
9083
759
8329
8101
3144
5329
5955
9286
3034
7249
9020
8912
1117
8782
1782
8825
5406
1954
4410
5749
1131
6631
2977
3313
9446
9196
7299
8246
5435
3859
6727
355
1459
2188
4493
6494
5500
7344
2720
2736
8162
1328
5191
7643
2814
6220
448
9929
5820
3232
2611
8406
4047
1174
7025
9595
206
6473
7514
6653
151
1
5298
1378
8386
9838
155
12
6473
9013
2148
9814
2178
3556
6657
6133
5322
5761
9418
8845
5931
4134
5219
2956
8221
5822
8706
7176
5206
8940
5217
1747
6086
6907
90
3607
3159
606
4634
4645
1230
6332
8219
3416
8426
2793
2331
2245
1641
204
6937
3523
8481
972
2687
2083
4537
4282
8767
6617
5214
3757
3075
6207
5913
4731
9054
7389
8734
184
5413
4059
4745
9503
9382
6986
306
7859
391
4752
290
4036
7819
5929
6816
6883
5728
3480
976
4714
8228
5321
7216
5013
8311
6634
1172
99
1546
6175
5905
7862
9782
1994
8574
9746
7263
9900
3381
6727
2300
1403
1849
7694
1367
406
9259
4427
1190
2270
7334
2679
2963
2352
6727
3622
7961
7639
6729
5409
8348
2313
4019
9427
7796
519
9392
6463
5176
7956
4996
9620
4946
1240
8154
3110
6202
8068
6406
202
1725
8833
4080
5769
1332
2565
7599
1832
8463
5147
6279
9014
6446
9340
5545
7823
4316
5321
9975
8804
4682
846
3058
1062
7874
972
8411
326
7160
5542
3413
6541
5907
5642
5444
1971
3132
214
4834
9312
8877
4382
4425
7371
8849
8241
2952
5698
1008
7614
4769
7368
8498
5284
44
618
90
8420
5867
5730
7541
6130
9428
4832
3737
7054
6051
2146
1528
4889
3303
8456
3995
6075
5565
83
7676
324
7117
873
2783
7493
6103
6644
3158
7829
1918
1471
3701
1807
5067
4645
3133
1416
2728
5535
4385
7985
8299
9789
6989
3577
8618
7485
9292
5020
7085
5638
2889
9562
1467
6663
8658
8463
3724
4300
9312
9436
524
8629
9584
8556
6803
2585
7495
7777
3593
3261
49
1312
1859
8222
2560
8838
5022
4705
7932
6499
7087
5945
6344
7450
2235
4888
3732
4410
7003
1002
5225
5
1936
622
1903
4542
9142
9454
8152
1539
5120
4101
7014
2158
2429
7330
5905
9333
9218
1308
9016
7981
4493
8238
3134
5210
5855
3782
276
5664
3508
6788
7652
1912
1615
4710
8498
403
2420
5042
6605
7499
2458
5128
8792
3277
4499
3681
9206
4551
2140
8463
9578
400
8622
5380
9193
1807
4513
6473
226
4102
4851
6152
3634
3133
3579
4530
6258
9088
5635
457
8393
7535
4525
4546
2232
1786
6442
7177
903
3134
5965
1981
3795
8834
2437
4652
6546
3691
535
4834
7786
6777
498
3002
7262
5664
7984
163
2640
7039
1244
4865
5971
7404
7115
4131
7625
8370
9472
3265
169
5416
146
6226
8020
6381
6673
6245
2468
3420
5765
7608
911
2123
9026
55
9156
3198
5858
9268
6914
8326
2627
2093
6975
8122
1833
8964
6389
1289
8888
3905
3998
2235
8706
3705
9253
4753
8595
6386
3247
5719
5140
5152
4948
2489
7281
407
480
6311
8944
9593
7949
3759
2395
2211
156
7550
7318
6029
5125
5612
3123
9341
1541
2481
4355
2106
8192
4404
1849
4804
6828
1769
6560
8807
6177
7769
4677
7416
1220
1177
7575
240
1825
4561
880
4299
1765
528
7227
3026
2579
3228
2343
2795
2897
2357
8156
5191
8679
3766
4882
618
1721
845
5721
570
2900
8487
9256
3197
4698
7023
1730
362
9998
8572
3844
6676
1918
7543
9338
4308
3288
5606
5712
2201
2251
1890
2606
6996
3277
7397
1658
1398
4349
1463
2007
5331
6744
7629
8148
5883
2222
5957
9643
9825
2478
666
9431
4922
1351
2913
5305
6250
7780
3788
5844
816
2045
2989
2680
7868
8600
8903
3939
1291
8660
8671
7705
3076
9692
1463
8727
3089
8303
6590
4419
5169
3845
160
8471
482
1225
4028
9959
3510
1871
7267
9319
7277
3677
2675
5599
9137
1836
2310
9547
2663
2524
9591
1029
1992
6886
4422
8366
631
2801
547
3655
1135
8383
391
2947
902
8062
4863
4961
2463
1884
6376
6119
1797
1065
514
5669
4298
8030
8826
1682
951
4974
6466
2935
3423
2134
8809
8632
4210
7263
8157
2281
566
3311
2753
6583
7462
390
5610
3940
9440
486
3650
9096
3497
2592
3047
7245
2322
1281
8384
5599
4426
1226
1499
1934
5944
5584
1626
1405
9457
325
1360
8340
8581
2263
8044
2251
8377
6334
2267
1754
1426
780
9914
462
2257
6287
8454
1003
2321
3702
4966
1713
501
905
713
4034
1291
257
7082
13
6403
7823
8424
5357
1782
9590
2257
8848
2543
2148
782
5814
1627
2433
163
2203
4324
216
7163
9525
3349
5853
7573
8983
2194
1153
2557
8176
9063
6521
1324
4075
6838
549
9075
2723
2851
536
3536
569
84
8927
1272
3412
7140
2653
728
4742
4037
5551
6725
3144
6339
488
8858
1212
3224
1989
5418
1519
4115
7495
9244
7077
9378
3980
5438
6154
7588
5522
6853
8792
6714
7254
3382
1728
439
8934
1090
7274
4945
4482
1647
5402
1835
5592
9974
7302
1298
7589
8417
5376
5524
4723
4423
1865
3694
4630
5315
972
2076
3538
1077
2839
9499
1755
4220
7214
1636
7629
1814
4135
8982
3189
2182
9857
542
3825
7560
9308
9357
8106
1969
8774
4700
2613
629
1754
6500
7118
2266
2996
1136
3464
594
9882
4355
7864
6177
4086
9027
9884
7351
5148
8635
9436
7950
724
5401
3352
7782
9275
7019
9040
8866
6135
8592
4913
8925
979
4077
9975
2689
3228
1443
9451
5294
4326
9794
3590
47
8257
4475
1474
8083
8291
5180
8234
8593
9746
4333
4426
8969
7875
2634
6772
8440
4362
8545
8239
6915
7827
4178
320
2279
8112
225
6051
1443
1195
2516
9776
1972
4929
8961
3405
8285
7475
58
4786
7394
5848
1132
2117
8645
5767
6899
745
6328
9914
3607
1466
3293
650
6652
2412
8588
7191
7674
5769
5205
3996
62
23
5273
4366
448
6821
9708
515
3450
6353
5407
5086
3958
4537
8014
4323
2863
2859
4873
7175
5260
3474
4535
9319
68
3248
8318
3992
5776
1884
7569
7484
9667
4533
5271
6867
4735
6585
3854
247
1698
3923
5966
1703
4882
1550
9164
2924
7471
2230
8161
9205
9995
7187
2925
9961
2217
222
7101
476
1209
586
7912
3969
1225
5861
9012
4768
4685
7928
565
427
7575
3012
697
9041
2886
1479
2480
8146
3118
390
9748
2616
8268
6059
9242
6007
8395
9972
3778
6029
6526
8788
142
6800
1993
7467
4210
5315
7902
9933
1459
3862
1050
5176
3752
5556
2674
1248
3747
567
3458
1014
4262
1864
8520
824
8062
5306
8109
9612
2981
6960
2851
7520
4144
6537
8807
2454
6188
491
9368
8758
8387
1554
4843
5332
6127
473
3139
5940
9338
9617
9957
997
4193
6546
1773
2397
6868
4848
9128
5593
6277
810
7185
5967
3868
3782
6574
9673
4767
695
8970
2137
8691
2455
7237
2096
3902
3848
6616
343
6303
1193
1449
1768
6060
4461
2222
1719
2856
4627
7186
886
3929
6403
5327
411
647
1629
1044
965
6308
9070
981
4862
8595
4513
6916
5641
9296
7915
9807
9987
8836
3074
6414
4494
9593
6113
4436
6794
6951
9995
1462
2452
4062
696
9553
6515
1982
4066
8711
3366
2269
176
7201
6843
7256
4233
6883
9277
1631
5831
3378
2439
2084
1074
4515
8364
140
659
5791
6592
5270
5779
5569
1324
2562
7962
8887
7397
3183
9217
3415
7272
1814
1092
996
8746
2723
2912
4477
6246
9409
5069
4374
46
6504
6491
7903
3368
7678
1430
9652
4852
3989
5653
8436
5447
1792
8371
8411
3593
4248
9252
5444
8677
6253
6407
8060
870
2516
9235
6123
7738
5036
3938
4127
6036
8140
4305
1592
8272
4927
3280
1555
9381
238
5926
3558
847
4363
6963
7730
1346
1292
6498
5004
4272
2236
6075
9294
6217
1766
8270
7176
4553
3667
1096
3972
7483
2302
3403
4412
145
8086
3295
8810
3258
2344
6760
3796
7263
685
2792
6118
8769
5987
7101
7166
8188
4565
2707
6329
8666
3211
3646
219
8464
763
5426
6465
8321
8625
204
5345
3916
5027
3317
3900
8524
6905
5312
3911
3133
5154
9443
540
3199
8947
8997
8623
6051
3292
3512
7965
8991
2323
5020
1419
8819
2517
6133
1458
9225
5468
2519
8648
7721
4754
3429
1731
4598
6741
3226
4915
4372
7635
5813
6478
6538
8472
3174
8720
1591
9159
5483
7015
2938
6147
4584
8114
882
6035
8930
4118
7344
2827
6627
6240
1514
296
9366
5433
5607
9151
2553
8169
638
5083
9788
3777
1424
2107
1896
3823
5774
5707
8791
3493
3839
3915
9306
6543
1458
5173
6597
26
4021
6652
4324
5063
4756
6118
4577
62
7099
7853
7774
1752
4651
4697
3528
3514
1380
2463
1662
4986
9994
2546
3221
2762
6292
107
4763
5397
5811
9990
8829
7767
3636
9682
301
7908
494
2756
8332
6721
2231
4951
1698
6643
6137
6124
6869
3193
798
7111
5517
9154
9425
2514
7685
4969
3600
6411
7704
968
7614
6216
5830
8033
2064
8049
2994
7334
77
1034
8574
5851
8120
7123
5736
8941
8395
5922
9906
3273
4489
6835
3454
9944
9160
203
7634
8937
1911
9026
7323
9046
1847
490
9032
6995
3892
8582
5100
5096
3546
6240
1520
4957
5246
9343
1767
3042
6169
9943
3256
1917
51
4975
6110
5126
1704
8708
9406
4012
5401
6928
962
1189
872
6207
5817
1026
7421
1573
6042
6134
9574
3687
6186
7338
2445
7037
9122
3141
1949
7521
7018
5975
7565
1945
4764
4955
540
6133
6163
3478
5226
8046
4062
5667
8089
6363
1190
1162
9342
2544
1130
5620
76
4813
8728
6035
586
4071
6321
1260
1990
8529
7489
590
4869
9411
95
2449
3742
5034
9472
3864
5166
2790
6622
9700
5166
9276
6165
8963
9005
1372
6155
8275
7246
8188
6444
6485
592
7622
2805
3949
6925
9105
3228
4420
8981
4119
9390
2630
6323
9820
3239
1842
3137
4735
4486
3893
6552
8403
8263
5351
8134
9905
5256
9482
1487
7070
8875
5624
1997
7419
9062
245
4030
6442
9369
9350
6029
1554
2384
4175
5436
4118
4007
3901
4937
3674
625
3193
9984
5063
5733
5930
2155
2448
5777
6603
2326
9582
3475
1221
3063
5673
3744
6174
609
5134
4819
8657
5528
297
2504
9364
6073
2866
4428
3293
7269
5174
9044
3779
5710
8578
1882
5882
51
1264
856
8821
2835
8845
450
9188
111
4028
7399
7263
7160
7475
5174
7870
106
6242
1504
9793
632
1567
865
3114
2269
2515
2372
4370
7308
1836
7102
9070
7760
3598
5125
6467
2136
9615
9103
4834
9772
3981
3845
3722
8147
7853
5039
6455
3012
357
3908
1117
5675
8345
9243
9135
5649
6939
1792
7639
9193
7018
3317
3711
1523
3963
7497
8092
1715
5772
6122
5100
3380
703
2864
7485
3051
7215
5008
3977
1412
1135
3619
3881
3310
3371
9213
5492
1435
5222
7519
4601
7303
9341
4302
4768
6290
3517
4217
8559
2228
2803
2674
7536
218
1666
3747
2968
6896
2738
4615
3628
2492
8070
2100
9377
8888
4824
4219
4505
6431
9378
5140
8058
3212
917
2679
2055
3707
417
5348
6088
9707
3587
4223
8196
1758
9191
1261
9737
1144
991
506
2485
4175
5964
2214
8256
9911
6637
3008
6506
124
3268
9921
229
393
1356
2009
2393
2932
6232
5824
4898
5715
3951
3106
4567
3100
5150
4005
4494
7455
8123
6850
7582
7084
4153
5115
6498
5624
2498
1032
1667
5199
6687
9315
4804
3013
3800
5320
1633
4825
4895
7963
4719
9781
2775
5892
7245
4981
189
9656
4973
9864
2231
2151
2322
1716
3461
8009
772
2926
5438
4874
3852
9183
7262
5725
9924
5880
195
5549
1880
9149
7311
3104
3700
230
599
3020
2711
220
2324
3064
1848
6230
3367
2431
9710
5972
6650
7325
8406
8626
2791
7317
6596
1750
4201
992
9872
7260
9575
6213
5316
9889
7370
7749
6059
5061
6163
2008
6467
9330
8106
4530
5100
2449
8321
3073
1710
5400
1819
6633
8860
6832
2000
4714
7028
4439
1920
2680
8583
1849
1812
9170
1414
893
1704
7283
4310
3688
2826
871
5160
2672
3586
6126
6708
8067
1968
4582
6258
6060
8433
8175
9565
9323
8497
8809
221
6751
3255
1589
2930
7934
5367
5223
1306
5338
81
476
5044
5887
2151
6997
5942
4056
7472
8698
3390
6434
3155
9262
1419
5247
1781
7110
420
6669
7486
1292
1948
5674
2492
226
3382
8241
2594
8902
4698
859
3826
8894
3905
3202
1505
8651
1302
6767
9618
8697
6679
2348
9029
9005
5408
4597
8643
2189
3840
3201
2057
5658
3469
5067
2587
3567
4124
5112
4641
7556
7934
9923
2543
4505
448
8053
625
9259
8450
476
8249
8791
7954
6538
3199
2500
4513
6498
968
6756
6373
385
2364
9443
348
352
2594
9678
9586
8995
6941
7552
3924
9027
4398
9159
2493
1436
2662
9289
8710
6638
7015
5478
6727
4574
883
7546
9773
4736
228
1023
9464
4746
1471
6224
7292
2105
4604
1316
6973
619
4880
8453
8879
2170
6654
1551
6770
6348
9808
9851
6691
742
5017
5917
7912
6507
8615
4415
947
8630
7077
4135
5739
9567
4236
8057
6841
2027
3496
3480
2675
9585
8891
5383
5145
5547
3974
5128
5496
7174
9965
1626
9330
9749
2431
210
8253
7175
8209
2670
6291
2383
4908
1227
5950
7764
3304
4590
27
6622
466
4321
1186
3543
3191
5274
2933
6030
2948
9659
3738
6108
1717
1539
7954
3512
2811
789
1941
7958
5185
3809
4990
467
5950
5868
1676
6920
1169
7717
3410
5371
2920
3270
4437
6133
7175
7437
1752
7400
6507
4202
5589
7450
7689
8762
2978
6753
949
6406
9518
9705
5983
5427
9611
6711
7162
772
9102
6848
1275
9352
8442
8412
7054
723
8358
2826
8184
5917
9210
3209
4285
8856
5337
8325
3642
2659
7618
8131
1673
8461
5165
815
131
7418
6419
7664
361
8241
8036
5956
1651
5248
1147
3332
7535
5438
6343
8049
149
6976
4821
7108
1449
452
6814
5955
463
7730
267
7112
3201
7771
2167
8264
1134
5001
4669
1441
5297
8872
6056
5444
3168
4527
9337
4335
7713
3214
6183
2092
4882
2589
4992
1123
464
492
6252
1393
3078
2151
3700
4080
6584
5040
5266
4456
9140
8903
5315
73
2476
8839
6781
7829
3976
8379
5899
2558
2390
3356
6134
3824
6015
3764
7256
7969
1262
6533
6570
9788
1208
9017
9822
4145
3738
7968
1634
542
182
4815
4067
2289
7120
2308
6530
1246
8902
6921
3043
2662
559
3350
1930
2178
9281
5701
4664
6461
8097
8809
2014
2235
2805
2131
1411
4587
1836
9114
1486
9942
5767
6161
2611
1098
8165
3191
4610
515
2608
4853
5775
4717
8006
9698
4024
2267
823
8244
8666
9149
484
1477
3665
6883
8299
1761
3952
1173
8246
3911
1650
1228
4852
2241
5609
8482
9603
1895
5428
1102
6612
166
6055
2066
3294
8898
8128
5496
1778
6445
3389
8043
5356
3158
9275
1727
903
7643
3504
5374
3331
2068
5499
7594
4714
2434
1486
2770
3686
5159
8123
8529
1134
2818
2145
5979
7426
1778
263
830
9727
296
179
4086
6118
6516
8758
8632
7306
3578
1788
1609
497
1039
5954
5058
9883
2299
5735
6599
3582
1022
5096
5077
9851
5354
8894
8153
7674
2593
2896
8017
1886
3303
6982
3776
3221
8819
2023
3994
5651
3953
4334
7009
5954
1610
9865
4516
3514
2901
1202
1263
256
4446
1439
7605
3158
7745
7849
515
9838
5172
8872
6354
1052
2563
5171
3227
7856
810
2915
2934
7037
5381
5171
342
859
7680
7916
385
755
7563
9305
6849
6715
3817
1920
6747
1534
3649
4168
2017
900
5205
4290
3686
6357
8284
6616
8644
7111
5129
5490
1324
3491
3109
2382
3842
8502
7628
6873
6132
4525
5260
7969
6890
6085
2190
1379
794
7955
9792
4425
5129
9130
8678
1491
3876
7780
8831
1681
4572
2219
639
8914
5636
2850
7124
491
5442
521
5975
6378
4728
2513
188
9518
7509
2850
5940
6533
4883
749
5851
7680
5150
7553
57
9171
4873
2537
8946
158
461
847
6167
6871
276
3417
4294
8301
3938
1247
2936
4098
5015
4089
9244
1901
145
3250
2107
659
7665
3579
4763
9327
7311
2440
8672
8414
7576
4902
1632
4935
7693
3558
4849
3163
6804
2050
2107
107
7284
9819
1874
303
7564
4848
6137
2627
4120
9887
2729
9348
821
1376
2608
5060
5538
2645
8465
7785
5120
6406
5223
8096
7315
4152
3694
7906
7922
921
2025
4530
8029
6964
1907
509
6905
1453
9806
9216
8677
5545
5452
5371
3646
7536
4253
8851
7323
9927
6036
7613
1276
9258
4868
388
4726
3514
5756
3520
3875
1874
6006
8069
3794
5243
4653
3150
8969
4963
4922
8218
3116
7147
9239
7771
686
4120
4700
264
3973
9771
8359
1020
9335
4721
3072
3998
9052
7989
8277
4903
8118
8519
1611
4480
8475
1452
5474
7035
4384
4388
2222
1059
79
3013
4996
8955
6845
8544
870
4521
3663
4932
3826
8164
1082
2629
8526
4007
7517
9225
6879
3640
8412
7904
7218
554
4633
3935
1661
4680
3285
3298
8869
6390
8782
4338
5298
9263
3098
7888
4440
440
9200
8189
8852
3545
2915
1220
7345
7992
6952
6862
7928
2481
6173
6406
2429
5271
1747
114
8674
2990
5609
6792
4975
8262
371
8079
1865
5897
9620
7056
8447
2587
9008
4793
5366
425
1835
8386
4623
5640
331
8250
8128
331
8179
5112
756
987
6856
2370
2635
1294
5638
9282
4273
1967
680
9226
6765
1197
7847
9484
4448
35
6242
7470
2433
2388
5956
2986
6736
7168
6675
210
7217
9830
771
7931
6518
3720
7048
4368
3639
4841
8229
8389
3294
2248
5498
5972
4479
9481
7276
898
4020
7454
5400
4364
9765
809
2283
4441
8937
3816
2664
7110
7431
3652
7790
3009
7698
9180
1191
4517
6050
7683
770
6223
2631
4890
413
554
2094
5044
5772
3321
7125
3016
9772
6915
700
2057
3710
3571
2560
9688
3973
5447
9618
2615
9303
7618
8308
3668
9884
394
380
384
6479
6094
7062
7041
7724
7965
6443
9424
9405
4605
5952
9624
9846
3348
8183
6963
6017
5631
231
5437
636
462
5587
6045
6069
2177
9477
7336
6442
2314
3511
432
1480
2183
1521
8849
8366
6072
8106
2625
4490
3207
8944
104
9186
4331
7142
897
8236
566
4070
8197
9616
6693
6496
8900
8867
8333
9967
4494
2958
1635
345
9636
5894
2981
8057
797
2993
5233
8638
9089
2157
2080
5656
10
1336
123
3790
5749
3335
5671
5193
6836
5686
3701
7788
3167
1211
7117
8628
3373
460
7409
2552
2178
7883
1482
4495
1154
2964
7521
3665
4510
5369
3112
1085
8175
5268
9879
24
56
3485
3742
824
6866
7136
4663
5928
2392
93
1050
500
2659
9683
1519
7610
769
9646
3843
9582
4048
4514
6878
1812
2228
5496
1641
5209
9652
8366
1335
100
6702
0
8893
6863
2208
3513
1353
9761
6177
2284
5962
7556
9264
4130
6413
7930
2653
3928
8763
6437
8796
7662
6547
2602
6689
7470
65
3027
502
4146
8851
8590
4324
6590
8453
1889
754
5188
5975
1943
6085
3000
4594
2442
1317
7925
792
3269
3870
7794
5132
1490
8513
9632
1261
6596
5299
6704
3163
8198
558
3480
7759
2607
7657
5151
1316
4910
6328
8557
4570
4127
1555
2457
7540
992
9915
7401
2837
1809
7681
4002
9277
2868
219
4928
9068
5023
6907
9301
6159
3252
56
7959
277
2849
5818
4766
7345
5425
4157
6618
1888
171
4341
8295
4040
8209
7544
1551
9820
6268
6707
9687
3408
7856
8192
7222
2567
8929
8736
5907
3177
8853
712
5351
8493
9077
9313
998
611
902
1813
4473
9197
4470
1871
605
8892
4947
2962
3274
8778
6116
114
6502
7519
9733
468
2119
6620
4913
4259
3857
3247
8758
2984
9079
697
1523
607
5438
6084
9052
1481
477
7660
5800
9
7121
3136
2119
6169
4992
8380
1265
3851
9731
816
7297
7496
7197
1812
7367
160
7289
3792
5148
7269
8991
5202
8040
183
4982
5955
7442
311
1778
956
5336
5141
1324
2345
8299
3459
1712
767
5075
6533
6486
9187
4590
3804
3906
3388
4031
6132
1264
6563
4958
7590
7243
8101
4819
6459
1532
6624
6683
9159
2213
3979
3803
2280
9570
5516
7419
3001
4591
2643
7139
1111
9037
615
6285
7152
3377
5767
2709
9503
7908
1141
965
3918
8562
1783
2334
215
9216
7707
9163
4760
5299
6177
7032
6761
9648
1506
9337
3237
7522
7594
2019
3655
366
623
3915
1872
2055
1027
5493
5777
2969
9807
4599
424
100
135
2979
5456
6651
6423
1568
7444
7620
9954
5849
556
8337
3546
665
3876
7367
9187
4169
1106
4423
5761
8172
7889
552
72
7896
4029
3561
9699
3382
9710
2720
8027
9600
9676
1193
6433
3741
8430
2771
5069
4994
3755
6731
9796
6573
2349
5011
217
8625
7232
2292
9226
1319
2964
287
8108
4152
7433
6589
7678
6283
9697
3812
3743
5764
2642
7209
9998
7298
5463
4939
539
8938
1141
7264
386
959
6566
3550
2367
7271
333
6993
2359
4704
9573
5169
8703
4298
3536
7788
7111
8608
5345
4408
8540
1481
1278
334
8514
2989
4602
9578
7356
7187
9782
1439
3029
2416
7892
512
4152
1311
461
7274
9184
9036
5087
396
192
5396
460
7527
4834
5286
5359
9232
2461
9466
1658
1783
8592
1574
6642
5259
446
2511
9377
2891
7070
5223
3632
199
2871
2474
4205
8522
9115
1875
6345
1415
6164
4261
537
6305
7633
3912
7040
489
9310
5333
8802
9661
6803
3163
2588
8540
1595
4837
5404
9069
7327
2088
7213
8094
6369
4878
2491
4048
5710
6531
7299
140
4604
3016
529
6379
5133
1668
4909
1503
7380
5649
4747
1898
6513
3054
9552
5285
7806
7860
3056
8739
4840
9809
9772
5096
9987
4882
8597
3897
8848
4814
8969
2171
2596
501
8584
3017
5081
1674
1951
9850
3074
6778
308
2733
8622
7713
5286
6187
7685
5567
6622
4457
370
5836
9540
1287
9779
2206
8868
7879
2111
1130
3702
5217
6318
1602
5893
9142
3905
3304
5972
7607
2745
6063
4844
2505
2760
4577
5010
3653
9119
4951
2885
3882
5376
8084
8327
9340
1074
5210
2669
2406
456
7845
6168
8899
231
3251
3530
2623
5202
866
8788
8754
6286
7761
9543
5810
7898
3890
6834
580
7349
4619
9598
1255
7210
6289
8440
7687
3232
6808
6565
3157
7406
5977
1394
9704
9049
7535
8534
3880
8526
6344
2320
1016
9293
6305
7486
1548
7967
803
4728
4780
9606
1872
63
1887
2290
7429
8782
4968
449
5616
1103
1417
9994
7838
2776
6274
7482
4994
6448
2662
3656
6157
666
7424
273
7284
1663
7478
8280
2761
6381
7680
5439
7909
6855
8916
9832
9488
1478
4556
6563
5984
6110
6524
2749
1256
7393
9555
3938
8892
9921
2910
8129
9013
4013
8361
3663
4813
7852
1669
9537
9915
9740
1590
5780
7033
3119
1372
9558
7166
8349
5514
5592
5406
7409
9137
9625
3624
2446
8508
9077
6323
641
8426
8346
744
4724
7301
6733
9146
999
1030
8758
9852
5924
634
7800
6461
4170
2002
7227
8860
5904
2739
9387
1384
5733
3395
3205
2081
6709
6357
7168
9744
1286
1997
252
8284
5914
3831
7316
5811
1023
1195
7906
6154
4222
1555
9226
7550
1223
2548
6667
6879
6846
6138
9813
3259
1533
9728
1352
833
1954
3809
8771
3848
2331
3634
7407
5881
8943
6634
3249
2261
5030
4502
7393
2817
9912
1817
7909
3051
2949
2960
5511
6293
9566
5475
3587
3641
514
4575
3173
1892
7041
3592
9052
604
4310
8312
2363
9212
4642
1458
4827
3505
5599
3671
9977
4736
7826
981
5348
4283
6820
1183
9673
9419
829
2468
9829
2844
4213
5106
9805
7889
7673
6715
9432
4322
4454
1040
5471
9523
6189
5269
7201
4163
4557
3590
7237
7130
9672
6837
8651
5947
7711
2261
8615
5788
4793
3044
9370
3953
5999
4218
9225
9804
8141
6405
5151
7074
6782
8620
9870
6229
7504
1879
8694
6003
6885
3244
3916
452
5729
5657
5257
7538
353
6830
1668
2898
5643
5679
9071
8710
6270
8850
849
5354
5559
922
7823
3359
9946
8858
8438
6146
6338
4264
6327
7469
5295
6528
8020
2501
1582
5872
8786
6694
4487
3197
1182
4716
8749
7652
2694
4393
5947
2212
5396
303
5295
6890
2930
3110
2702
9080
6809
9481
6324
7569
4713
6748
3897
6245
2398
5720
872
6642
439
6797
7551
378
7323
589
4038
9693
5305
5204
9314
6842
6542
7844
3722
8069
8325
9368
1398
3822
8499
5002
5459
1030
8602
2796
3407
1008
5196
2223
6157
6404
8659
8971
7443
4691
7998
8513
4791
1968
9321
786
1686
6580
7038
7402
8797
8785
177
7511
3658
956
9155
5887
8960
2174
210
7863
4199
6419
8508
6693
9710
2585
5971
5516
7599
6823
7778
6203
5904
3233
4512
5420
8380
6358
9725
9681
7072
6211
8622
4951
9277
1165
80
1653
7495
251
2043
408
5866
2291
3219
1737
188
2737
7186
4979
7635
262
3654
4722
6600
5561
8409
4851
477
3882
6002
1955
3749
9185
634
8390
637
6268
5546
4913
8067
2348
2901
5861
4581
8513
3321
1926
5677
2113
6530
6669
1139
1638
6907
3136
8216
1490
761
1764
8069
1575
9615
8274
6939
7967
2083
6365
7797
8771
4698
6217
2018
102
436
4030
4038
9766
9061
1988
7128
3557
7821
8633
7004
9237
4431
7291
7784
2100
9164
3223
9937
5583
5451
9732
1937
5207
9862
1172
4188
215
4635
8854
2750
6625
1172
2111
3959
560
5528
6
3331
9750
1112
9610
7280
7761
8828
8075
1857
2580
5720
7627
8345
9909
6643
7156
3319
7698
3832
5705
4044
1049
610
3558
9025
4118
2313
5509
2583
8133
2170
8534
4108
6981
4385
6446
5827
8900
6138
4547
3025
7947
3656
4507
2339
2473
5306
8862
4956
4203
8682
9337
6027
6856
6742
2942
9428
3880
7772
8487
9433
8066
4159
1681
3086
8770
3140
2485
122
7858
2290
7332
4720
273
9862
2495
5086
1137
7475
5809
4162
9842
5371
5876
6918
1062
4236
7502
3798
864
2102
9934
1879
6219
5395
8951
5939
2698
5420
766
4836
2438
6806
1828
1746
2110
208
1552
8645
7948
6320
5788
4116
6783
4684
7352
6776
3745
2191
6862
5699
3953
2729
4613
1972
4361
3293
9330
8348
8469
2353
1417
3361
9124
6349
2211
1990
2528
6160
6056
3006
1269
3203
9962
6797
2394
8949
6309
8190
3320
3741
5276
1001
345
7292
7657
3430
1025
3627
6186
4936
1160
5593
6496
4537
7855
4609
5236
6780
2704
3212
9952
5784
3439
2387
7490
1309
9904
5085
3980
9223
2318
2978
3024
9052
7981
7412
8816
7643
4879
2453
1074
4158
8155
1573
7503
577
2849
9107
9007
3142
9486
6639
7885
8175
7661
801
9525
7462
6941
4644
3202
800
5445
8784
2236
7853
1373
7092
5295
2413
5090
8338
5904
1338
767
9066
1944
7871
9590
477
3453
8876
8874
2581
2454
7661
5903
4118
4733
6468
5228
6993
8459
3911
1241
7320
9702
6063
83
1526
8943
947
231
8435
2005
8327
4824
1677
9906
6707
2370
8470
2358
938
9724
6718
6452
828
5763
3299
9623
143
8427
8928
5894
8587
9132
1466
187
3373
445
9743
9211
3228
8437
5305
1828
2798
3420
7599
7810
6708
9343
8258
5316
5493
1276
3973
5425
2640
5832
6920
6133
5875
1164
8487
4133
9650
2268
326
7674
9547
4630
6767
4550
3949
8539
4069
3397
3580
6655
5287
51
9320
9524
9434
7412
210
5323
1324
6409
300
9446
9125
5907
4293
2961
2504
6739
1200
8121
8321
3176
4481
4229
8698
7581
9717
4636
9068
4861
2987
4437
4654
5112
5776
6703
3045
3715
1261
3295
1101
8901
5316
8649
4690
7164
6148
3586
6481
2193
8985
6591
6362
7622
4182
1261
8338
8452
8430
710
9216
3914
3485
4936
6470
4617
5558
945
8473
3757
3706
2439
8536
335
8335
4787
5874
5323
2869
4752
6076
8503
7766
479
8305
5657
1604
982
4553
4064
2262
4814
7912
1292
7997
128
2414
1435
6260
8817
5570
9889
9886
398
6006
8142
4964
6527
6720
766
4422
4337
434
9715
3146
6827
7807
894
9118
7488
9127
1345
2322
5070
8257
7157
7059
8052
3963
4642
6683
3999
4403
5940
6383
6816
6162
6250
6571
5269
493
1730
1417
4494
2135
8961
2386
355
3865
3527
798
7870
8659
5438
4819
3566
9806
4416
5450
8069
1810
6688
4512
9900
1664
1060
4046
5643
7704
3052
5033
1056
4591
2202
6629
5872
6736
373
4221
9767
8674
6252
4200
2067
4083
962
2201
9437
125
4301
7769
3181
3343
6338
692
1509
1067
2415
4928
6583
6632
1883
2173
2497
9826
7562
4643
4466
9760
7064
6106
8854
4476
9655
5075
6417
61
5117
5901
7739
6553
5396
6051
6574
3194
2040
6887
6886
564
4791
8930
5094
4470
9860
1879
8965
2592
8313
386
8408
3034
5768
2238
197
6975
5089
6516
8447
6412
8341
7492
8717
3179
7205
4301
8145
9526
694
7662
7358
980
2892
6069
3439
4300
4932
3899
9590
57
8859
3862
366
8305
9590
4733
7068
5230
209
7069
5025
9852
1149
9110
180
179
9483
6873
9619
5935
8407
5483
5456
2652
9313
9737
9244
4139
8390
4037
6108
7921
4537
3694
3042
5553
5257
619
5549
7019
3412
8275
8927
3114
8767
608
5953
9168
7218
2334
2988
302
932
5560
7075
7458
1051
8405
4748
8406
212
7467
5364
6486
873
5506
2904
7637
7984
8438
4903
3167
7891
4871
2786
1789
9389
6358
2678
8715
2487
4446
3901
8520
40
879
5803
2516
268
7354
3027
3735
8244
1663
3070
6371
9977
5311
1089
224
3268
9181
8857
5840
814
2282
9421
8873
5491
8428
2576
6758
6093
1293
9661
2077
7666
3027
866
6982
4981
6134
7298
3672
6893
2829
9763
7515
2172
8884
5831
5784
7069
4758
958
8460
5686
6304
7809
4952
5267
9312
3196
3057
3414
5127
544
9040
6833
6959
5327
2054
5699
9609
1490
6073
8584
4510
7145
8042
9856
9569
3795
6902
1421
2656
6152
7961
6480
6461
1017
7708
5858
837
7829
4944
429
3237
3686
9175
9722
9439
5577
9963
6176
9641
7795
8302
4864
3011
4387
6971
6233
1825
4863
7134
1940
449
9783
1912
6220
901
4712
5655
6038
4345
1471
8181
7603
7114
7433
7941
9742
5237
4979
2549
9268
5768
7758
8932
3684
2607
7836
6767
3612
3425
2027
9445
8379
921
4717
5803
3423
3560
9132
5926
339
2815
6604
7507
403
7418
8402
3811
2618
3346
5551
8666
6262
7753
6002
2013
2887
3796
1409
9529
5235
9621
9259
1242
8907
4007
6065
6784
3535
3383
4805
2405
206
3306
1001
1278
4528
3702
5625
4944
2873
5949
2994
1625
2726
8804
890
1048
9294
5418
989
2750
9840
1166
7147
2539
5854
6218
7266
7121
7487
2865
7293
4565
9779
5992
