9142
1529
7352
8694
5044
7615
1645
4129
6857
5282
9214
3207
5970
6076
8463
2637
7703
7512
1825
8700
2980
9297
5228
7808
3447
9220
585
5475
540
3134
5928
2514
8610
1966
8316
1124
2553
5804
788
3291
8800
975
7711
3125
3585
9943
7850
8025
8863
8542
9823
2554
5798
3443
7821
2950
3115
1683
4621
5963
4142
2365
248
6292
3805
4754
4478
8813
9550
1255
4682
7429
9031
6685
5079
3053
4311
8420
1662
4214
4626
8119
2539
4347
41
6470
9231
7727
365
9376
6035
6684
7539
2590
7181
2245
6849
3179
5045
412
472
1925
2806
329
5178
7805
9544
9156
