480261
256004
732350
22500
7438
303840
366958
449173
500567
646389
768901
711331
215476
83193
491457
929505
564192
717807
818605
280877
962301
221793
224164
780344
688036
437354
146061
579536
674330
766706
725133
186881
374798
164959
344887
232745
306247
364692
276858
359839
364975
644079
479386
509259
150188
249877
631549
715683
424492
527257
129892
328227
551012
16545
601190
204006
686562
445012
458241
845717
235452
274577
232074
842575
568486
695524
433164
689951
809426
945836
491499
943098
992176
560321
973390
515552
408347
205070
438659
910346
264342
744463
706627
518208
578332
905434
933971
348403
10780
681097
716930
29472
210603
381776
322123
489565
438857
114011
416025
252504
239237
188369
132917
20165
817443
114691
991867
674002
340100
844763
894446
420558
284675
365982
298220
898434
931124
531708
728685
123887
758871
519444
994768
542034
176154
87970
285423
393651
287316
630292
753158
640983
299146
245405
861523
291380
77926
503424
677436
681954
224042
337861
932086
39497
397626
977899
130851
241973
491631
750684
166196
721730
341484
458161
339665
815058
488116
673275
797590
918385
921444
936890
798024
325608
71463
781437
928928
951789
18144
846442
127506
616609
596463
584579
345890
711695
239692
350897
140020
938061
124581
619901
875311
466012
928567
633199
799681
159421
621905
147691
465535
716329
449577
981725
341546
872507
546619
828779
508239
708014
319262
386172
907694
815489
206070
227930
347492
944131
48338
32473
4509
80995
70290
656026
222531
683612
929188
106020
282032
729683
191678
229244
614058
359260
844350
559474
990600
62213
80407
552562
786772
350201
229596
563322
254184
838257
34627
258782
295095
455269
228307
345262
608007
735701
537625
928361
842907
950157
824091
441055
991834
981627
540007
55632
367747
512216
978217
546952
958941
954705
234915
739261
969504
99513
368923
160641
22329
706135
528469
316093
796820
430845
841542
460184
665661
772176
439432
39100
714269
368654
181098
294775
903329
524222
522933
255353
783914
506767
112080
878183
843645
9551
115883
801548
614114
685082
956492
207166
181692
469495
49413
436701
432563
373067
135373
544391
696799
157468
885485
151740
105711
609515
143366
636287
290706
392875
794531
659638
661188
132911
685964
947060
802840
320598
810157
696867
656024
935108
880277
484071
495687
601184
94199
364757
396264
143250
126992
131139
744789
305276
424255
355328
652094
20397
116288
646554
186507
473313
331810
52356
742188
679190
646969
252697
215912
853713
536107
2490
412677
429646
134104
615082
432719
801959
766747
134980
153575
961254
263801
344975
309324
168327
874596
45896
887548
672811
285011
898037
796783
137290
638682
572043
178007
252812
749194
128399
766161
324663
984575
428675
830845
43759
118881
238727
515450
564712
144453
901125
372871
137876
629985
300308
654404
66786
569061
831384
563028
43415
51641
153379
388766
850434
497527
291202
970609
240794
747995
357286
310605
69210
722117
787385
382792
20902
823723
926552
589355
24005
310028
240557
984978
622292
420456
509974
820635
931933
278733
939360
701536
408426
546090
644597
717118
150262
810683
952420
266477
665735
386556
105436
14405
99784
969812
915704
91639
719672
754582
188750
984683
856047
115286
690951
694915
512419
251541
48939
1730
865623
737118
75185
994719
903635
256743
817534
246732
418716
379599
651955
891150
110879
37584
322927
524832
801353
621386
151323
916874
151039
26234
181314
955095
439499
494260
707823
748104
841320
632279
497436
444712
33242
754557
610085
8272
443969
928158
489142
893282
219495
827609
705381
152768
462837
785621
327093
893854
235662
141084
175437
430316
391694
734045
593295
233762
687862
310212
205556
18079
60154
217856
535413
815812
491649
840541
578932
191067
469571
798080
197724
802811
224630
324347
633826
716165
453281
793512
243538
239296
597890
862355
65336
537996
428652
153136
675404
252675
469055
561736
602369
711057
456533
983483
79563
683446
620935
447563
753619
550684
721580
309145
802241
51128
145124
704359
892445
253898
270986
6698
652704
312436
190571
483353
448307
464463
917058
77743
286641
193536
735090
170502
639824
563807
244255
349442
127649
954134
973637
282764
306219
505315
38683
697676
118074
803331
110059
203092
57299
19969
299541
635990
286330
169678
251891
1632
879232
793956
702478
500459
540025
930618
704275
127633
343022
600247
140156
277714
679056
169927
24407
707904
919123
104049
197481
614992
658935
526317
505737
111888
339056
497113
430394
73887
223044
901011
788314
837483
188794
576109
764959
46311
499184
71977
913441
911806
553209
790390
690230
660205
83092
403569
222109
837213
954813
20348
729130
504360
641486
594005
28947
120891
808514
384121
590944
89320
935071
269572
338326
843001
394782
981062
253475
870691
802474
325083
436232
598090
330333
704304
294601
639996
480916
220157
695440
362089
599504
312601
421623
123231
738422
281016
835800
346786
690152
90061
594811
368262
78422
942069
232115
273155
289751
988443
585610
119399
677462
959410
743319
817336
445827
285085
566897
232461
199616
52987
331327
941263
95652
335752
202067
127606
703562
914481
471138
739892
777577
117179
801848
423839
743431
212228
466888
923217
879020
537277
443642
139443
589277
884427
300920
785087
517564
877040
115431
645257
888476
661928
138147
183756
854726
67711
234002
628592
178386
251412
755364
378085
967011
70334
37528
47870
317650
401505
164345
881517
772129
451082
715103
53437
318249
844950
145652
719663
146866
470873
801516
368423
958120
710471
716507
279414
315167
701675
542057
170892
410579
20557
50613
294247
359225
771351
878385
126022
587164
610753
51292
352744
742175
663003
356480
521965
477307
861039
988109
77205
189291
126046
116322
947927
963646
870960
815278
790043
961956
842348
201567
282950
530443
149156
98186
795616
254508
488345
14382
253500
710381
764547
797286
672294
637784
995708
260679
837390
428640
614641
831614
976460
86033
919460
261558
667898
877417
861019
811332
552250
948719
268633
803693
380456
333011
797879
418232
909911
806058
888485
830146
451506
928227
812321
587299
800653
600098
872099
18736
655758
117948
349108
661696
162848
149281
952986
804834
264254
188860
48233
494662
684057
748610
230784
287994
689778
354831
260550
264377
558054
871018
691339
202956
927943
311946
739729
40024
503572
770873
811748
870063
626170
40303
424034
953137
11428
604410
156896
303668
884292
386807
396155
953998
658965
385994
548607
197404
902957
36447
121802
968288
71169
607918
996902
311567
957118
776330
506406
117013
217946
494195
273683
590992
565733
515986
390399
627803
509814
571809
443551
924344
800771
457588
136692
802979
608338
902543
597977
941615
718718
405925
480070
740850
965519
241073
979615
316106
835667
29143
492742
574547
309388
801179
192039
964550
527671
941682
384951
435130
897477
208291
511040
393700
153209
643568
815680
310158
13586
439577
988870
657960
462554
370164
849487
559798
510143
498306
382830
507090
491196
879280
27836
133435
280084
685933
469853
870689
913218
634624
256748
31232
703834
934972
261345
522957
209582
273504
660068
657180
211543
404438
125519
727611
87544
926716
423194
812963
277130
182486
48687
231344
693875
685159
261713
156098
395115
130046
867656
492281
80682
675455
673090
664184
9846
655295
86962
615945
960122
464276
204774
275524
88546
915578
822867
537792
98413
429015
716709
613112
310673
162250
648930
255747
955014
424345
31157
663553
326745
554304
106441
557774
607075
481151
631620
564876
644609
566099
785915
586374
489974
916799
22583
691916
571083
484235
822623
372809
50137
566236
870691
427616
529742
912603
33334
64551
822610
321544
900246
613486
539280
389220
826734
937517
109009
829168
674205
857405
959198
74118
762718
206809
54580
298491
726367
325562
542309
495175
944287
335051
272276
485492
287207
987240
91904
60398
142011
462306
367590
891071
705055
661820
355213
691760
290906
357413
957314
338281
395016
209608
746644
860776
914342
720733
999490
896168
728515
479169
696823
68084
936591
596220
916441
316668
493160
40930
884408
347606
783981
353702
156675
310320
140330
991550
471382
996722
713056
205681
777088
324388
166876
318704
657343
442599
374673
900726
61751
960298
779899
774393
546701
564805
801602
315494
844622
487632
436479
705253
194725
894763
948107
792227
186902
42811
345802
324657
642192
417813
771730
990978
292801
93212
611977
94475
6857
919326
146329
651994
531941
520235
188074
178716
233449
669882
697217
17954
409334
145708
865712
859852
975320
967380
759405
308068
139430
139850
158686
346223
712652
118738
306517
988949
272369
893978
106834
184153
381431
487403
978842
40901
31102
746955
328439
434505
608673
540271
888333
29686
631639
687790
572180
742886
602313
624518
962809
956391
436642
26853
935721
448616
921182
294016
6199
443210
866333
768284
432876
879858
777480
131468
210925
894629
566721
431486
983385
561492
610058
224897
451038
572004
489981
563244
707779
500727
646354
658811
337627
173751
186436
192315
443711
151162
21568
807715
350309
865942
960055
90323
438419
443296
873284
497358
328866
359514
526323
275678
485262
238295
630698
708635
499209
693089
854461
319362
642130
716379
920045
370830
726920
427118
719863
888616
722154
142834
863941
53558
264343
40475
649122
463244
724493
113727
889117
619379
573315
831652
567815
493804
596186
991003
535079
692367
926125
512794
989726
499606
807065
983152
575891
552672
865713
100905
866654
970374
239101
76913
381245
982304
767776
680628
172280
613775
377036
330872
321475
162597
846560
177103
23035
919806
194661
618046
575522
35889
169626
568041
793473
678654
786954
417157
829868
434567
949630
641590
104592
752844
250868
602494
545565
972146
703597
418684
875140
73448
585609
138595
85302
409869
478069
251464
738656
637257
348068
540006
546369
705025
795277
558104
465236
831297
603001
481154
132400
424505
38616
685219
31032
793764
991727
31827
19747
270016
40757
252218
236616
179507
589
225514
190915
544299
390004
372767
997871
272886
223171
515999
964821
503463
198009
635029
362985
942190
898930
601395
414083
525272
519450
517332
934189
524977
680709
294756
645031
951871
591594
175981
85314
757738
934752
39015
848365
786996
337438
726500
771992
285248
930116
205890
211495
643656
30839
296236
284224
328548
461183
302861
723814
828960
924373
422547
57615
861354
459952
936660
73403
765071
140689
860033
683129
411048
443218
807212
325562
974826
727073
695773
599018
259244
980592
211835
765103
430670
837740
121979
230790
831104
927424
390547
607994
363525
380803
862613
441571
667581
852072
247242
115852
551775
412164
566244
330881
78142
134983
355552
616031
750047
949692
50837
388035
602945
897982
994374
668546
755034
774607
502410
939893
822270
842735
684233
798603
272252
816862
379473
393294
909874
901671
735943
905832
570186
636493
227925
607748
580270
452511
857597
735117
448935
40184
572035
442823
525780
684886
570183
13789
323209
940565
192369
203529
122290
777930
263135
837725
825100
481522
725360
992983
416157
9486
989754
498342
337501
708317
277065
602828
102021
118445
834345
667888
209051
870223
830469
154097
213227
274155
534360
345267
382378
470594
142081
732656
879912
826882
144386
64373
888501
552015
896166
548335
649680
153846
163610
116638
98866
325438
297510
700437
672870
876265
223681
422241
177448
328515
623277
537691
889816
894976
641225
470483
58265
661104
277582
881613
549429
293716
191508
476685
692732
562631
389182
922800
933044
398709
217496
826458
339007
392722
340437
389704
653979
457395
83137
967264
881361
58490
339187
812481
245752
575926
504281
355504
275722
967675
687524
513440
146556
954652
519412
879218
186732
650982
475654
548730
577815
20110
715787
7836
195599
910253
301292
65738
605504
551708
119598
543950
747159
290256
99974
463486
301335
830096
581774
619940
723208
774690
898124
562762
132986
943224
331080
409950
42754
828453
341447
742298
848662
920929
212670
161248
964136
79583
163259
158227
759455
44623
610112
477198
653952
405265
830088
639522
228197
745469
516376
623125
490250
362851
537524
283891
460472
886112
323590
788210
855739
822168
152705
759799
146597
654416
366628
868986
503644
176852
551168
756362
631747
905258
255383
862770
689295
19578
171827
506294
165032
815808
797735
90512
103384
757605
115319
162771
516402
819480
919246
638245
385698
455527
293767
630849
467363
679681
175364
981976
660218
644001
256393
786276
790907
862149
184100
844721
164013
788882
472482
314582
191615
931229
703901
374182
767901
539061
418656
639728
325408
552247
400981
173201
7052
572632
752343
350940
410431
349629
697254
436687
547465
276062
477791
318603
789722
520590
391365
587442
91694
135728
45632
589129
797248
66192
510738
644262
13885
169816
700772
777012
728794
267312
318901
857898
690894
506786
885681
351392
788244
222216
776093
809639
619759
403876
481225
590572
404291
986204
463995
709081
462457
322839
897632
197569
413606
375114
269227
522375
31732
806355
854822
444096
51602
37008
734338
196962
112622
936004
349872
656208
106626
466011
921539
375768
274778
632487
406255
575275
508883
334854
400077
672672
771803
268730
85439
601670
990404
405163
912750
674178
661321
538327
396323
803523
231129
662737
894183
550285
796685
467134
587913
114717
77564
478060
3836
527213
476555
749261
115910
590463
856712
861806
888013
335896
736314
340248
82270
324275
323747
191657
499209
787198
146415
676218
360873
888818
309021
534590
177888
953907
50332
810030
14580
189197
184551
128402
232693
190600
284013
355367
881318
807753
156657
153550
874628
495149
265188
534664
283600
719161
95584
114591
396840
858245
506937
345092
738699
346146
306777
648837
653483
844823
191335
261197
259468
446419
14672
455732
108227
299606
696853
15658
735450
79836
108708
584279
460978
454205
18417
291762
803956
811429
96521
30317
914093
599492
10221
939412
101884
636651
43990
590305
409631
292965
359003
228681
113393
248006
926915
24302
639599
996937
3907
26226
410057
49303
381710
529505
586651
398272
415760
209534
341082
7528
757603
333009
183885
94862
700356
832394
712771
942590
71563
272438
175045
208566
363923
124279
334414
885371
106015
377691
977141
497863
440292
496682
196259
892613
148935
874954
375721
889176
21891
261141
184125
97961
970814
331302
169969
634601
219061
966886
461016
250704
930727
570507
418253
905271
962779
835227
487552
185748
43369
571038
346231
334352
737998
472166
143365
560408
858025
341725
3440
9948
633454
471701
93168
846763
831094
197557
950623
510487
486097
307069
611778
392608
27115
264554
188107
812043
905600
568390
711837
994535
641623
201150
73924
384146
514553
111071
978394
84975
517419
478891
496579
744103
718591
792070
249817
151132
357646
632111
172524
651052
87532
476924
711584
774273
446553
616962
881328
818720
903170
346139
432532
58219
735600
154246
240416
183862
253912
186875
718016
562927
733958
226808
205121
979117
73802
91080
615120
319920
986443
129136
475229
666613
733913
628968
573741
619980
329880
518352
305730
834772
397522
209349
142206
229657
559928
356283
156909
234929
571253
582443
354167
176352
904586
464183
636561
106437
870873
824728
461793
530700
50920
13686
233747
168453
920084
625862
902133
964580
461796
954163
280023
787476
185528
585015
905726
538672
939003
712889
54484
790046
572064
297871
431536
37277
952771
27321
60323
110740
390799
658523
859784
799131
420057
194809
627764
221153
700119
966094
201399
156024
598979
178222
358330
751970
251147
997422
242682
275623
648301
747688
300333
431545
386654
625957
670709
493182
67046
31146
924730
132131
663905
635130
854585
805010
147231
757576
266128
902145
19059
606134
579870
939544
323577
129848
541942
831526
11608
565433
446066
342577
435596
556856
999592
781687
430904
621782
376105
126811
531267
127172
444326
929798
555
219665
87072
76688
62532
284016
240235
372418
461772
443906
944759
257463
309304
766300
868928
14933
349388
215329
128683
694947
43928
568960
176930
787309
738664
239462
670392
453053
71644
112611
39381
882164
311478
606734
205002
928062
440597
756933
588972
389100
773766
501901
986981
812777
668645
691521
475800
969981
284372
867310
643712
508435
560272
243816
835702
661780
217851
847193
858394
581849
743838
129026
520728
681922
65344
696782
170445
345809
224386
143497
272295
573320
596284
25916
90653
876224
984720
740704
283148
784200
750298
874536
713035
209736
619144
810966
603716
227216
497552
115312
306258
443222
46143
282789
348695
627818
448694
575006
307693
583536
688501
909987
5043
902178
947550
123892
401400
809647
941726
16617
27357
714737
770390
405441
792536
690073
15530
310725
186004
557679
692926
718866
365359
86732
12994
361704
181953
913051
211471
626778
270410
262755
305192
265650
253327
319976
936171
701924
447871
24928
731330
427168
845943
900664
52972
411101
214438
746318
771309
560087
380329
682731
188892
745495
738525
414405
601317
255346
243518
262951
326426
151333
545253
500064
185431
393983
801705
723942
753603
802094
961240
958618
163634
361546
594670
437518
867750
873628
74277
135835
683305
606540
127793
476387
980977
328035
477989
919879
505574
700956
362154
448048
187050
908549
954711
632648
718922
634503
395560
934052
735220
638830
10580
732032
577872
803615
459765
625333
207040
116752
879
825225
124189
741315
256765
890463
470470
162980
956689
831149
702282
936389
150102
978880
983950
406150
961560
825398
97148
464082
68516
515313
283538
855849
868982
662552
963219
124943
119345
319508
907970
270583
595503
160264
945259
108829
202406
436993
918079
386754
227094
777245
239991
838715
823696
275664
66838
14283
459400
791249
120524
181257
430144
993570
234897
777489
226006
761306
732380
828198
863468
614679
89543
616859
836736
438292
936665
116892
426853
452347
207737
112691
298626
672892
542723
461358
93066
595190
923224
953004
697661
257590
531471
506925
276809
312325
741585
12709
903827
841719
967984
540245
990008
560035
227333
639030
782564
772024
536561
308261
372968
625479
897763
738820
555931
863646
219623
14132
291016
182051
494998
773584
29736
199899
65054
358033
388318
118580
45297
97024
999247
281197
372408
177639
323189
924205
435763
768650
820482
984605
184307
505949
61064
77479
369288
167836
552025
495956
75197
437595
192407
269126
165301
147578
258222
945164
854586
229655
265546
830172
258154
587711
628502
621225
374758
127215
811643
459300
587342
256440
548827
689710
848042
923873
882069
435335
854182
745173
144970
35782
222214
27
496817
412948
523889
404217
731244
54409
957491
169439
545134
830224
618366
965039
922029
520109
76764
502747
570652
114344
596681
941149
214921
512838
265756
242625
289698
427450
34360
426293
656914
869126
866062
270941
777605
821100
362122
510324
445641
181913
68142
921858
665708
908005
550836
758724
803017
82539
985406
76582
340939
874131
326842
309169
517789
723211
448811
357063
417438
134670
427982
432771
522980
530797
376883
239302
513274
203451
969169
257102
230200
956717
907683
545042
739745
372535
396587
194835
339253
759592
386681
386379
164164
94438
948203
164431
933669
129865
955143
282942
297546
277409
694658
645831
899192
681996
295015
75851
395181
375340
806918
7671
360383
319165
480629
244334
866741
812364
821978
199545
418127
564345
189362
480745
68206
437643
832182
803892
514472
168873
711777
806613
118294
741661
955137
991426
978417
194177
398294
578009
893076
506989
181797
358956
697545
758549
213741
888695
247875
237541
266453
975778
539368
579421
51747
766719
855990
365662
301571
972452
658197
83508
271384
210711
651428
563736
588201
220636
989213
931649
648746
529310
746798
931988
351063
360163
321354
210676
874393
10711
131010
565684
369600
369253
560369
331380
192664
950967
854760
847688
91509
824914
245370
830889
409691
287690
333469
591999
268667
294861
359664
686024
684385
425618
284640
766131
802186
521584
824346
691381
707142
559517
621835
748890
445057
674174
373684
835291
284414
836636
798422
328436
245612
208597
145265
359270
126490
897069
131567
43386
457378
19870
680537
202914
173066
210517
380234
932047
803413
356332
33625
653066
78745
674256
540275
330508
666363
374735
725978
772886
431437
190244
713770
698059
117811
199311
868835
486251
14625
481125
708612
827884
822140
648152
92388
279134
373476
617653
780931
736884
713868
867813
608399
31100
310461
368094
576456
474044
338067
32556
854942
747134
779684
764462
273736
324958
755250
508183
893237
993890
227063
738523
879597
244879
751734
529438
939257
317195
305385
891379
267272
164353
552448
670097
724782
694386
739729
511132
622381
493081
180999
473514
567944
944579
820376
355236
744455
84813
563543
394781
696629
920838
349219
145262
7795
585751
409338
115421
980091
183824
843654
549120
416275
966102
763380
333480
679577
19469
771432
955111
599905
783766
628917
33038
580719
898428
391579
753244
58570
256640
477201
488530
101958
670343
752747
351503
208222
727110
179593
631718
323049
964728
991087
98024
546714
294647
75770
721533
2610
939870
685910
866331
856063
692061
626824
408381
614253
83930
21722
636137
536614
121912
516990
550625
441303
260781
10541
738792
992965
595663
873765
88442
927256
301345
255443
154588
480414
122555
69496
685052
343991
9896
181536
540843
848174
317929
336755
114445
157110
680327
650733
614169
564168
97665
136611
189931
15721
192849
773708
515828
243932
645659
297454
886376
233138
915151
98608
400998
737772
294650
898601
804794
549690
208380
768291
84587
236423
948067
185395
466529
59824
800829
75624
138541
254377
667072
30068
182554
563067
934062
125378
135002
800599
670135
595278
566842
64885
387770
380059
794732
907756
937057
892283
552602
131850
631111
224323
376171
196026
61679
372509
399464
753565
697847
33962
579247
260913
862377
130895
422636
146860
963694
182511
767328
21755
861277
476002
115840
75365
781605
475048
708779
488281
365455
813225
681707
256416
143938
582156
187550
277343
681080
660510
594096
981756
378006
247161
996394
928565
892307
124502
358926
901860
487238
592096
31167
794698
808601
373334
79563
463216
871107
240387
585431
301601
880244
586004
780451
768305
690828
497445
883994
482895
756668
744323
375180
368301
142012
939692
436564
931367
57856
96262
243244
887729
962221
502057
759142
966678
767635
130398
103434
331561
107631
864288
943779
750140
733192
184993
433093
806758
378141
93418
22147
665178
23377
732834
478094
661561
633367
387443
449692
400844
604070
987107
440893
520329
122267
228554
968818
250250
192779
73618
240996
695736
910343
557278
427007
950573
901182
318568
986019
206485
468001
948497
282292
39656
322336
34301
975349
784135
303722
375216
786890
60944
908943
940755
777191
940901
57660
350584
146238
782294
678876
106298
322799
286337
810901
749227
116567
91168
99608
644709
327063
977845
473831
293514
130868
982583
591660
479735
950885
113412
914839
117936
183430
858141
153456
52553
993905
998045
696009
221091
955429
482318
770754
229057
757387
139358
595063
558261
273349
27065
250938
552538
849667
107752
355665
405004
395206
484264
588207
796634
976489
578752
199209
803024
121619
471019
636427
527206
230365
930758
390142
298213
345788
518966
856708
797711
243111
763455
90942
492466
937359
763004
85859
832315
906760
986558
139858
431351
54489
902708
817348
327683
499981
813942
667813
541068
89142
477799
923016
350693
770974
972950
265631
323403
524629
493800
777186
751376
698364
166721
190162
24253
843379
102575
627878
981431
572493
32478
280682
633208
676269
690432
307343
695386
941496
572671
713547
764047
251584
797217
463268
636173
71593
467252
972253
963063
890585
678728
131178
650338
738591
108127
83850
415700
308825
894418
7651
810103
993196
319517
345249
988228
129483
434379
303724
62583
619481
179293
619223
198658
435030
894687
484621
700930
242397
954049
72155
800473
835390
668515
481052
12637
820709
611688
82703
820170
738123
814775
917315
126104
515259
722996
749626
965497
558501
665869
559667
203988
167860
473375
33365
593377
859769
682720
69562
334228
841509
546711
408877
744913
924423
895957
214953
379817
881681
296000
894968
825405
662833
515772
314590
294666
752509
357499
226148
536038
889940
703460
932173
533257
142130
332237
112344
702658
615906
953772
619824
134073
887796
812952
227482
100922
198500
797593
943061
655564
448708
929881
681648
722001
864830
289422
612751
178464
269047
378693
810499
302357
367269
612492
235473
338604
729743
60767
394354
786888
664051
122728
658005
189150
148479
171480
196247
761073
472006
885
982476
621070
415469
652005
930091
542022
357282
577393
169919
207377
203253
246299
820312
893019
278178
241543
21786
976844
830806
488215
431046
851598
64580
231651
690809
281394
245222
193955
196497
907398
624533
214648
824182
72983
791350
715766
504462
632254
126489
552031
355424
722966
536531
694915
163126
861921
715458
853774
436887
874143
617511
440211
764277
860039
695994
562929
734736
648014
683230
294008
619683
389077
552711
117074
57029
44716
337783
10400
674301
322327
820879
35704
969495
804723
594013
206862
167528
135051
804217
40177
361633
47388
656356
598915
764180
831
631988
499274
974165
433302
452597
653416
308798
35395
681547
129066
420088
983824
218920
524058
128695
14069
229983
69045
496207
993229
233669
182151
370069
327132
299224
396994
10893
204625
524599
597184
1930
513696
62336
914209
814689
918587
981138
823392
151028
424200
177542
136375
314231
853081
777352
327154
401774
942632
42782
576815
214956
132258
704556
671951
476374
612518
244794
239898
531579
25519
818119
156237
428651
195953
981919
312341
386477
869160
536236
964869
172806
476391
116126
606051
480637
381729
284347
157853
569368
459339
182700
850523
909146
415404
936276
62851
534270
132116
606448
379128
815390
553489
888341
150530
736148
833681
884538
339330
236546
768224
348267
130043
11676
891003
871086
564806
645162
765989
490900
375436
172741
121699
984170
860285
193745
822963
567338
711996
833824
859489
502604
711228
669104
417600
164280
874233
710123
328592
131513
965209
2347
345954
59798
453266
287582
308654
789773
689909
935586
888564
643289
885112
47697
749737
611246
714642
76897
113252
950312
701794
623367
337966
741201
516750
892919
338790
475384
688379
606127
184930
159189
950847
61943
760595
710342
701049
838508
634478
564851
722407
209927
375845
567684
411455
595557
693837
21344
157741
84956
203154
160182
719618
132225
953274
266165
405468
295223
191853
315903
774818
608414
405789
618801
196530
530594
607253
324978
602981
712060
177392
501900
838463
136030
5350
871264
112751
567615
868149
298846
896635
540817
875786
959076
201293
38219
411902
626720
533070
178155
252551
166811
420667
749672
746945
115948
817047
22834
478851
970666
608754
23929
675928
505985
78286
386908
371420
189869
240429
66925
738816
412
58157
12637
416483
42799
613600
382683
416657
291670
586255
40248
874096
443903
48935
95904
58252
94487
131037
264722
549385
826254
388926
414793
150480
857322
214102
801585
680832
443498
519427
395403
650058
728908
86624
59895
219283
840532
867988
65370
949120
268473
692672
464708
550428
922094
130713
548875
500948
17347
811639
921226
622063
295491
842901
36551
312808
567741
58537
872475
984953
815669
648952
667513
709562
546338
417189
435194
462724
829674
595545
446652
926107
82587
96035
925879
206413
889676
455613
692622
521135
33490
328762
874463
984747
764506
120810
803494
264237
422125
585646
226068
433104
66262
554343
238554
565876
746725
326127
889097
806733
99748
522164
554009
59688
745915
316565
392835
426252
811362
114434
192818
787926
568953
910952
91213
395901
975413
623496
143176
535039
218433
725829
974167
943490
692009
450630
585637
896925
734099
387275
314245
782377
668723
952316
607233
740733
275646
521449
964690
506634
325725
570703
649975
441850
271851
186435
26855
531993
769883
763663
76562
245507
734180
938998
719445
727124
630487
562732
835828
516749
6262
687322
762083
680311
219546
737326
713058
896390
359743
49464
788774
698584
33568
129538
151850
739314
696818
446412
471355
759543
461338
981812
666835
749924
874059
547303
698830
231026
411213
622622
19921
270056
451246
920539
672809
219055
998186
46030
505276
901222
859162
97623
553434
123599
79795
212355
910505
706819
960187
710644
672195
686305
765662
83479
981641
11418
445130
927784
835286
939705
171172
678301
80380
69450
409288
861935
927082
755682
94521
367065
492658
5186
934800
132530
382411
895906
761137
640857
173355
946435
97710
61695
728149
437953
91863
666193
776492
835758
877278
727150
471972
169029
656621
557188
670695
371
787361
769021
195088
382380
509694
707906
157862
830174
779802
14870
413888
620356
313989
942175
760099
74888
583440
845917
154513
671518
541460
27646
718386
186318
230126
808170
140408
122702
245185
214876
534285
776786
222622
741662
676781
244501
200627
462347
47839
562616
784738
129824
327827
826621
689634
859342
826270
227230
135892
631660
486948
78871
676407
382380
128196
751763
479937
526856
783468
485213
603306
130349
790746
273818
135932
3738
524959
95975
451103
412119
100847
509634
811105
333883
8115
385643
295111
89087
500341
723999
465709
6335
120690
373157
241517
13966
562335
423356
338710
180922
13615
507185
358944
415289
420436
532850
565531
737235
16367
311328
257069
761756
485975
730843
153921
270046
884986
434500
164481
194926
540419
317003
91209
314272
589795
120238
840553
743460
108427
890751
978656
487886
263854
833253
695721
701333
967079
854408
187560
7941
307109
162391
879176
884809
558890
809522
98826
748280
735762
457425
11436
287027
480298
3992
812701
444276
927008
33586
998454
736611
144061
653994
724569
321926
981878
628677
31318
305499
313338
490171
7345
731336
163573
313749
768091
43792
130165
813264
122079
723180
240259
635133
208822
88148
743696
983397
601575
186583
780053
890666
584332
657918
717844
814671
723071
667254
724752
271961
389870
223286
243238
10367
138813
658005
684689
226199
610375
194175
379246
513088
953870
127371
721987
720292
398443
976358
32643
511958
890991
977238
437362
720637
249590
736499
326445
696324
650612
550251
125090
235638
173414
27241
509197
718575
848545
182226
70581
783731
99391
619562
449025
457316
944391
730500
993961
594255
456773
881356
207076
981514
534270
273670
442101
265788
395132
339893
576514
4557
584623
305182
672589
383651
868424
857918
831310
616477
846960
721960
482766
407604
383760
179281
754442
57370
548208
917979
268442
602909
270401
704734
56341
762606
645358
799914
13696
988681
314174
36173
815598
158125
795242
117804
983109
283285
436380
924589
72422
14335
712630
874646
871745
980812
347853
32810
152847
461682
108605
272277
617133
989244
775807
507835
553212
242039
903708
604510
677177
320722
199065
514999
15208
944053
982137
627722
572242
893188
33561
768815
861438
577344
893546
297610
171472
123104
503318
211761
875927
124118
387566
644891
657269
471248
80880
461959
868795
258529
384884
603031
316136
930218
476284
667118
560444
104676
418259
67472
119532
503869
317904
510694
51126
615610
987748
733618
980284
17972
677227
988902
260429
838037
245775
9867
922950
963275
822727
347189
656899
154521
72547
258896
146817
338457
683537
422431
584206
475734
141606
303695
274480
323789
383488
800985
195560
371728
971946
630297
699453
737963
340789
306296
919145
759811
403461
773552
558967
721086
683877
127124
115363
259715
934723
691197
77635
400837
28442
972102
726043
734291
220448
614648
467715
501472
831632
839597
263170
63125
756089
174730
783258
575098
414676
125453
669598
455424
524898
1921
433653
97649
226711
489053
92933
928541
599840
299660
821075
678012
474619
530944
451371
971838
651197
814019
673474
424361
155226
199138
13041
117880
770277
711020
245445
872888
693481
979995
450633
564843
865216
639728
861049
762995
543112
893118
685867
596533
331312
906386
527765
342137
645280
387237
63304
899449
283969
753343
583565
60071
782520
50156
152086
416591
788098
951501
437238
253361
796904
358973
120632
983704
198262
422253
496515
722750
201349
799077
669097
591287
401943
27481
54855
192560
127018
898862
971694
901271
630045
22999
25602
756141
326573
578637
87043
129664
746303
745688
115455
545015
69666
28203
89485
661736
51651
580830
994436
891966
667498
904291
114885
518976
182520
723913
866074
538613
598140
622967
806124
294843
918830
402775
130048
908267
364030
678436
455965
698824
616700
90100
853412
513831
478043
690162
119366
360600
126367
33283
160583
483922
546261
197802
943395
397166
236983
639611
752063
405884
373601
197775
292243
707740
733112
176146
696191
144850
285659
112063
753355
509176
265257
926075
613110
451281
462901
366099
174680
634627
261955
60984
282824
799729
862732
145962
366889
354751
630270
745200
800105
974113
459837
301148
73042
70660
73893
428780
435215
530144
201995
706204
898515
452917
407086
576735
24896
283751
334230
743012
850386
373339
411683
752210
925742
666654
372771
285052
44864
271151
501829
605991
944030
178614
743840
972797
182198
293365
372958
721342
488597
752534
495418
737326
811609
616771
248909
226854
164586
681386
799525
69655
373886
146760
937534
688502
749234
523836
772513
930890
182992
248756
219501
513686
293211
617521
166648
941840
366781
873300
376071
129936
398987
452981
396005
446672
141856
316349
739550
270291
249484
357505
412723
322173
825478
489516
33458
141016
158987
292249
255815
198254
191359
107916
723454
982000
654831
67370
159579
472993
627769
620696
527740
888734
578560
253973
604069
924515
822873
119412
628719
630301
986939
133055
524800
414549
392171
360215
337185
960354
819848
338820
891305
216751
573692
926155
784048
578006
63573
747357
980695
785911
168406
750858
182677
204469
764069
923047
882161
667288
148614
958780
956035
977969
959863
118994
776246
165337
645745
757500
706404
363837
238286
264423
959006
907269
142631
849047
177211
789576
949282
252116
856013
867582
472761
422415
130277
168579
726347
741995
911438
644901
907324
414181
92631
276547
729962
345963
544437
637640
200899
821199
241024
691610
626951
502087
822984
65625
751192
231116
130381
124651
931395
907861
848133
345262
738264
663848
366482
10510
45278
676442
770815
33486
259482
355479
674403
617126
604647
337462
326381
410602
987216
933971
823450
640548
572221
711725
233661
164135
126076
565919
450059
543052
868121
929778
283436
376805
651623
679814
126342
388032
13134
569825
10084
561118
675230
819237
121597
377049
570205
876877
254321
130291
955398
118776
360327
847909
517824
837726
520614
997097
680105
930773
98676
521559
827870
905424
708920
242092
561512
274493
334082
197474
961447
115574
165974
699683
78350
932395
423988
291997
726727
751146
229887
707022
543457
952422
142609
57570
61292
500185
205728
522610
626055
816725
986155
945154
594602
78374
263808
955151
69333
930234
672041
616611
837957
868602
390631
1385
465777
359717
701984
790529
647945
803655
685988
337644
944691
517476
773918
916272
810396
910466
543645
11663
950661
161941
860182
195954
429684
31533
819370
605970
826481
45582
604300
565070
45012
701264
981392
531873
630960
989708
172050
295796
315400
32445
568247
495647
246346
169833
273405
427888
432879
634078
381187
400748
387673
422128
895554
719558
771060
525394
223046
207059
857533
390844
267416
878098
363764
413692
235034
652982
433228
660522
456127
442900
67480
891587
788657
713058
938201
163880
908994
561326
542434
75115
326224
864366
193841
64647
44948
44853
124800
542910
920961
363990
606631
133502
800237
234446
930212
156597
112484
17646
904995
657392
410291
164706
74794
721615
383768
616568
683019
47968
236791
59670
399524
252183
86856
508396
108908
969824
561668
616902
948802
208805
926981
271973
800918
733036
911125
114279
408320
388096
729314
372518
522603
108991
907574
239047
227169
745439
41442
642307
536157
650566
92796
106491
477182
418637
711570
962532
548953
81371
574423
910730
796732
928329
357368
763399
226717
618189
490682
615389
736686
607336
555216
439410
480925
402542
379686
118450
420991
271988
908802
244158
116550
743308
420985
965756
583050
678565
764988
52897
944914
908180
443680
996016
943414
839348
544763
800137
614221
591854
938734
897467
402191
251939
303813
726153
524004
402415
784352
541715
261281
348282
965392
210966
779408
951886
223476
129003
151310
609826
85073
992695
83559
850038
545001
52772
17974
289615
76221
94351
717250
77937
985108
872129
547175
577854
887522
39828
144342
302177
589250
646573
602498
375148
565675
679014
782595
661641
748029
262831
605857
931001
566862
429895
592672
503135
173916
661892
191117
144089
988378
989623
770687
54465
630654
461614
139129
441328
982473
327069
63272
980599
505492
773319
679554
434650
7298
743713
650376
271488
836438
918922
359162
713917
977615
715881
796190
90859
478487
335211
495438
410291
166218
587387
251197
681753
693045
926042
25336
50307
210086
388190
996564
798939
528549
957198
326683
578366
442511
362666
3958
327735
775011
32301
295882
768265
536193
350081
741432
782641
346390
511097
774805
265943
200875
527133
414291
98560
207055
74594
423101
850269
107614
827212
735627
442771
283539
534728
38967
342716
309777
941365
869849
2194
309364
868567
380225
956008
356290
825032
219364
852221
583426
593047
313008
756016
484977
862749
303927
429679
583382
81809
669954
762666
419268
228803
423552
871258
610231
590411
572903
358248
158056
458415
8129
197121
196681
437408
461275
141729
576310
337997
706443
905915
927227
116488
43103
466040
796085
121339
63382
786231
34561
19250
275997
496390
323531
402871
502662
236806
293949
388001
164736
55873
666261
609122
82946
572400
266221
39111
627478
524531
754507
401991
943034
96460
54246
134608
512267
12707
419344
586991
207393
873708
646616
421769
631285
365532
790464
82839
891582
433440
960592
501727
102075
685404
239890
508762
120600
451503
53401
112410
495797
465771
401766
820074
591944
290719
869431
738604
134620
615026
53443
846513
675863
833258
406094
773982
790090
488794
907547
815218
379271
928952
668501
518283
161829
769517
128255
6834
568221
971638
159149
658551
214650
982990
488732
617257
995233
250594
118662
336229
33082
860722
341055
132825
818469
644150
592796
995571
312994
307447
464282
990486
404085
561769
238614
193328
890636
43065
603530
179461
813639
554093
322725
72370
307422
440987
860924
527797
593953
891485
158992
534176
677049
866337
2759
203211
912196
469224
556149
759805
458609
147948
546271
681866
770304
253722
302159
733141
76446
169015
504173
183458
471951
839890
784875
344664
888279
787408
625203
461260
547586
205164
580195
66878
439927
130912
368122
450556
413950
992877
697461
227919
235681
649323
106973
653526
519687
280599
567415
127560
304125
128548
656385
110283
426037
124990
824223
933842
754788
69055
818481
969195
388031
855918
359189
102687
863272
97445
840631
354093
53423
982026
378932
818658
150055
525247
500789
762551
556284
725204
822918
6267
718027
588457
447949
615808
525333
349842
39803
820361
769635
770604
604917
226437
47810
517292
221158
937862
885307
702010
704534
715214
459965
21758
848109
421155
433225
550780
733672
457370
137271
584134
569590
363415
896850
127985
314432
663201
955524
866517
607300
937165
215110
14514
708229
911829
902464
740610
345820
399697
478454
244826
239604
25487
974194
915705
912169
613803
567764
715526
514053
601196
159095
385725
3725
44773
404642
629094
201895
622180
460694
870129
741151
801779
496016
140487
529602
921307
287432
905121
129400
27536
469965
89257
722450
775253
698169
613436
285737
581570
971847
523020
984307
15679
142578
384430
352670
414131
335760
423899
114602
357574
762153
842733
190214
330823
566773
517295
422011
565797
983860
125609
394448
59746
626606
205359
497761
342485
756739
674943
589175
791307
434013
676813
744641
679892
67917
424793
168716
239552
995826
682101
401221
222899
23710
167220
234947
152210
165698
101564
798871
571098
990664
925705
704133
101665
312816
874604
951187
892840
156474
355843
144929
955054
71083
384290
837245
393286
443973
349554
798256
622006
263543
120061
399640
39855
638784
949033
399883
996450
51797
974006
257794
462796
74469
523046
483038
690050
268081
856025
532350
775651
6939
861583
696723
226575
753309
845807
230058
959074
198249
301568
595972
724295
65269
193003
334414
721749
603365
155301
696591
357410
485323
631284
291291
431116
197086
300390
592902
806557
910910
21288
83507
662672
597708
508979
591128
513908
416706
867434
259152
308132
45991
637421
746987
278027
141103
847569
868179
938157
299030
320037
123710
356974
939295
263366
682165
428542
353693
418979
50616
850019
954259
578751
969446
991827
905787
88790
847174
849
676527
149038
212093
37918
533864
890322
506026
894606
896477
458339
771280
146518
62585
463274
991575
412534
787845
807917
940455
72169
480498
222590
40493
318591
504389
25555
99094
387534
714171
541247
573712
993925
372177
155691
214073
16038
67171
509468
610425
158553
584021
658271
698391
10916
44966
789023
881633
81041
699013
599034
237537
287135
332597
436370
410428
498215
42420
350663
200230
435198
154204
881236
70419
530786
72612
287807
667855
380318
414288
768968
166010
436215
655480
347191
173402
748555
709323
246576
224988
279661
34103
605264
913509
806040
955477
493203
648687
530598
157834
268441
69012
249063
111638
341575
277729
257018
790555
340515
388159
291915
604563
334557
556889
732030
791762
586454
458059
115939
630194
213316
321104
580559
577421
822060
41911
316850
676921
887841
742735
749979
94115
510386
503547
585698
519272
592540
989506
755280
219691
32764
92911
115814
1419
707504
37505
710447
834183
308946
993339
974646
835608
633250
976899
310735
360470
318668
961007
537024
155255
806357
245816
661185
724913
424050
585996
532867
729442
638009
193447
689867
286672
766860
904559
396807
593079
840714
241017
386045
347821
24431
76513
997788
678641
177945
943123
244894
153961
534524
880368
54305
936036
79186
855039
178986
313828
19740
361802
309711
844234
89637
871917
372056
282759
433896
889481
760587
786421
822194
471452
869997
408979
462547
700426
714326
806298
433679
208265
115686
799903
775952
849949
582197
499898
92152
250983
416088
544605
609372
543042
280293
154252
496833
690757
615694
857293
730938
794526
377019
222177
879929
814208
772680
832501
873781
998914
350977
779598
455403
334543
931024
394630
710541
829999
169656
188880
249489
832767
524991
766041
56098
130547
796777
242633
307725
932372
741392
316988
766760
801205
325224
843703
280280
449361
93296
128851
102169
114708
139361
474894
436842
750110
544863
191705
959442
810577
891872
107922
965104
232758
730697
880877
469339
308472
104550
683181
245902
173692
710370
387410
471553
115620
593735
421541
118331
323440
604925
844399
764181
498674
610369
867572
284339
189655
589853
216449
745949
814392
14728
72272
377171
74106
751963
531546
809360
322852
515298
80376
615552
126381
450850
672693
677088
838351
182721
978872
245923
946088
629092
485771
624853
134143
358677
500207
882679
566868
65579
762531
150736
161746
87979
953007
868721
962290
943583
686297
634667
503975
533258
463809
878860
701302
476803
46058
761228
72506
382841
32593
807175
606730
122273
313606
127705
553458
413338
619495
997581
882881
303272
626276
973183
819672
223481
335642
570546
165327
747635
661809
954684
314647
101008
951587
627207
643050
579420
315941
635293
246459
150471
137923
547830
46335
325789
906906
412320
409546
263774
764562
795286
843652
41218
497485
203239
67496
675877
312415
938776
174821
883609
483372
814194
881327
77315
700016
842457
538791
105093
452979
923786
872234
770073
99800
692881
859376
271157
473173
942262
178438
921011
447760
222890
229523
780094
428196
806549
882297
768422
362658
965124
514109
116131
28679
283671
311515
863996
871719
976713
563532
833914
729170
480350
317959
591792
894523
255395
635868
563663
619052
444414
859297
493336
161477
179637
210718
492776
113690
243903
295030
188774
771800
690809
975055
572081
638264
709334
545507
393417
832919
148032
711690
936995
697800
273542
207435
856862
802597
635879
500708
665266
956438
121
470110
715435
972971
857414
158881
871958
114206
607415
478876
624985
737445
893994
409835
308597
55519
382464
822453
13857
143674
886637
613855
958195
436783
584097
691186
550440
238669
21502
716809
965514
384309
161523
645971
602994
836997
282497
239912
289329
916973
992224
60143
80098
319422
37807
651600
538367
145827
967407
453029
457216
758112
124455
777721
388881
852159
983164
619547
543504
555130
920683
589991
109104
974915
803810
588517
988302
792965
579922
579394
870454
884446
854042
32934
237549
439982
652030
330486
141044
378324
89798
994636
416794
513283
519646
732064
313548
246595
790395
645313
56764
418339
48864
483484
538778
664262
272509
441805
730875
500893
820545
193720
121818
829504
340976
339114
89801
573338
110006
713960
500758
639915
556585
155267
369338
833852
95154
281348
523533
152263
310368
676748
352025
613601
134265
50906
87380
627649
984243
578842
711527
196664
428601
821475
428313
598940
967388
98564
799847
144588
438193
816827
579330
905578
995499
482507
345136
397998
209537
768236
848836
791169
719237
284347
657161
619129
9021
218472
315390
977358
845538
683446
943811
725358
690990
2677
408558
792892
7964
666545
219458
443906
648840
730436
613584
284655
879564
290660
171114
578097
524844
674073
238753
417735
109748
606961
800652
969694
209963
911098
832578
826238
119642
310739
98864
817161
958700
923252
795649
309564
763322
176152
462061
594477
286792
819283
826997
681326
892463
782723
637879
942124
499467
239647
379782
92878
913568
912854
928006
210730
964568
254533
957134
671663
786157
437510
774222
825521
657778
327010
759331
451641
116155
762717
176818
758233
763399
882285
347889
824701
639489
342658
730499
582485
188312
337896
354210
410060
193163
849270
287673
617513
487835
597831
65528
505575
323861
806429
658076
73101
403873
654448
226571
279563
258982
398068
226592
553169
555296
160914
638153
455655
969322
947859
885183
940099
17396
906885
158625
503209
256042
436715
384976
288550
54862
879734
38628
19344
234820
220562
926906
663101
333758
281015
373546
496110
788783
758424
555670
107749
829181
518927
637394
185854
901164
419377
46789
31664
238304
991960
573211
380860
621298
573153
72402
898587
548498
247438
204107
731384
357167
477485
196246
322734
226928
800362
902706
526659
623646
505766
626116
900626
505439
346239
559532
972550
812736
105133
605562
332731
727529
116689
194401
387977
367276
518767
605115
853065
874300
585471
729274
664099
538891
552304
485733
231339
460812
594440
460325
435325
795080
159259
247332
255405
511097
608428
43424
891856
102429
951558
158849
16398
590111
10754
388895
187512
464770
459678
684963
179928
762243
218461
318511
999157
924015
85790
283243
244922
267498
450808
614995
655264
942148
406209
918850
595319
167363
94911
165119
535404
737913
727309
556624
252095
73979
601611
391210
676563
144611
694240
908945
593476
364402
29046
410548
330754
733228
276682
543345
988936
213736
104733
102321
661971
76053
26843
973374
232259
866056
457668
62680
307805
714225
535032
750216
28235
286069
551823
333267
332590
550572
591280
43420
920392
730620
387785
477684
714847
79949
366931
868595
217904
194233
545281
364488
511038
476732
142409
285862
67393
808719
911692
462449
907322
980614
981053
778585
467346
639656
272285
361372
472431
82039
195412
855182
213428
240003
12693
397050
409330
830693
215022
238697
726730
722044
614045
692738
277973
336205
824048
258997
450472
262404
807411
653998
117446
213264
99551
909117
878229
30280
258200
673072
87197
726704
159061
748154
24844
762617
622141
973435
229150
795874
755045
746710
928557
306990
283898
634801
730419
340502
339165
938475
370245
797430
3267
251424
876167
49307
337084
966896
813495
360684
273834
143056
271720
528899
519460
689608
913240
370910
921700
112179
535262
946365
232816
16635
827653
761535
343525
638923
447340
192052
214238
831383
398450
626071
746050
108907
555749
96743
570347
578290
417361
951053
896259
909225
355681
641523
350710
246081
324529
574884
831889
482993
154194
139825
447875
937502
302551
842995
518901
610095
939133
571164
848982
527107
76494
826485
824611
538999
783453
541678
496203
484030
741499
401104
319920
358186
557266
151914
824412
357835
864134
755362
697440
682086
504890
582503
778393
331108
422398
650669
908739
840560
685491
616980
716198
180684
829503
668859
868365
444863
558635
828431
802808
574471
685712
631117
365405
840592
527220
553910
497162
140353
345437
751524
686178
567825
956391
690025
647510
904077
946710
199842
571883
916622
593157
996358
972910
656162
689944
342727
927666
276009
283064
848978
3089
200641
394163
6970
316409
692542
620898
289415
345060
135187
86502
278362
718003
649596
200296
230979
905201
442928
458638
103891
403705
89354
168724
995842
114380
555032
73420
998032
739194
574029
349315
603535
722880
709948
18162
715813
975018
348615
766487
133459
668481
159831
716842
701512
294919
882052
415275
651348
198130
370421
295856
738961
182237
661873
85183
475375
878098
125564
709742
812641
175412
745109
86277
418615
896720
268527
1379
696946
25539
629383
976298
899901
548001
977947
1027
3058
524239
867949
297389
389409
214645
160958
509995
562528
360743
16486
24892
945467
300167
546961
776401
525499
110406
842142
538552
234022
41021
186704
645516
287018
671963
898441
486840
119665
383450
199076
753503
510203
931827
184764
326587
59564
645274
472880
458090
388371
997189
808779
468252
648583
633800
974920
957313
598982
352994
351046
859592
109703
272479
347512
316493
623513
458867
41348
779545
769981
9227
98131
837767
418757
743460
376198
965419
522590
725584
610101
343956
51216
842738
944389
537341
165436
762139
208456
461708
919907
850147
941689
985330
804572
179357
987860
173010
663600
788181
983124
715379
254593
111302
413775
474100
960863
741504
252349
491402
393558
691941
994541
498987
715751
640236
559085
175388
874674
888129
336991
366247
141767
877809
293558
685873
919784
245630
375026
726524
88982
196119
301517
363447
109072
696236
130945
170476
403449
365330
712515
975595
38816
777751
990520
494408
566926
212956
3307
568584
301120
758545
182379
928747
441434
666874
727738
912278
821665
510223
278088
250830
455110
45924
665419
412693
884718
283836
482711
795823
440656
476007
331000
7233
316480
371876
716673
396702
412814
982577
251228
691851
141224
943579
273342
742249
616278
227243
219234
783515
403139
155815
983475
851862
842697
718653
807720
794749
171588
539650
374892
756857
724980
183879
213614
857281
619818
866824
86233
345353
339113
113387
345250
257243
239153
64803
274582
946057
295267
216641
459588
495526
342224
642402
533568
24172
482960
636735
480967
73266
387283
858322
913450
646629
727423
18065
329572
618950
180087
362669
732861
79630
384418
145516
755451
449507
34115
544000
664671
974234
975114
335204
192883
122150
316040
446361
750953
208659
137393
992498
252238
566039
311165
599585
873480
53457
111181
443301
433902
85662
772142
448328
36759
598608
393001
922443
970367
762903
800094
619193
562212
138894
191407
629033
996579
277229
438428
57240
223439
477440
821627
870837
972225
483916
404879
188016
938681
406341
837269
501355
185477
902381
260478
807027
848922
569902
92898
894868
908140
289343
785794
67793
478374
185467
509121
923875
404985
517950
244425
826586
204086
481515
759608
531105
785282
423477
853477
618040
100241
625144
511317
922516
976040
387620
728391
317874
767169
174348
792727
220766
238371
927803
507217
81775
447506
629581
465026
688705
132633
288868
805447
732043
531836
871243
415160
512563
706623
702376
249928
472996
745425
292095
446917
190030
217470
59052
997330
990519
263610
627868
325352
75575
270457
154704
640385
4431
455488
235527
323441
642476
993774
957755
595154
897175
145772
65411
450956
168138
135583
455200
885397
354543
687443
317227
640224
979556
261949
296559
186984
982716
813141
728889
446113
641228
526069
746531
461561
830507
299065
319767
807354
336465
809483
634089
154933
834516
965390
807814
771719
129333
63009
94746
557476
342982
533027
1375
916909
248929
652631
939337
776814
285448
336941
523600
214802
58
881221
135143
394123
225963
203975
723830
886710
91581
742253
681816
304353
651478
371754
246180
235921
776940
334879
732291
279969
79594
42964
438751
102144
745438
426545
791741
699741
788717
842174
731872
750214
715106
669754
652035
572666
790475
134674
616057
498661
126285
55455
327885
326749
668380
574501
877590
913186
620007
901856
968182
399272
816069
240647
554757
397901
247078
113491
990541
546495
348548
34113
934501
873711
177780
414647
211961
351002
948633
906046
597391
547833
3913
28074
302382
994859
258905
409943
563614
49549
736778
874667
23056
151069
50130
484606
656098
532590
707191
15342
175401
417763
517762
711501
824911
953331
571912
714922
14172
985985
812036
819780
149710
864372
275252
358018
330798
614719
252473
404033
817815
441087
777591
632411
746729
429524
467347
764135
889857
281943
208120
988442
279856
520757
276364
384483
832333
999445
137794
405750
981696
698381
20996
733872
830748
822413
435333
848918
373631
889276
253865
341265
214870
443090
586263
215666
582483
880518
229633
884641
740407
695546
734768
173034
161032
394067
735435
421251
409774
270565
121647
487600
943042
641997
708874
246917
859461
177287
754896
633110
294096
420308
455208
26521
416929
561067
829263
926691
78862
206612
686416
872416
337044
924056
944789
710785
297170
393889
396009
783027
523342
47754
961185
889123
10541
348056
368871
570626
245170
52041
582015
937393
312775
145988
344061
134125
381260
251619
307168
711009
926177
434419
377717
340431
961691
26412
676362
225703
433033
585232
147164
716593
257725
61931
758033
294803
536658
249012
626408
472877
508489
223636
527957
538229
813863
356484
961612
206269
817946
296261
949370
810820
128654
733620
140984
876141
42289
53254
261370
8464
954970
743975
659405
141955
91740
550021
707329
524056
119184
935551
620167
64426
241077
436927
635460
42504
28153
139118
843633
783149
834780
681287
508515
752747
515380
341078
61962
459663
303792
566085
384196
410319
322909
63868
830432
45940
831157
694191
454939
369051
541103
581220
421337
344994
496903
42289
669516
128469
750758
870848
345274
911601
558155
272482
917692
796170
717197
903797
239075
717974
474064
735685
948366
967779
593393
820311
429386
281311
958289
648113
486705
840087
613590
581324
268517
123104
765476
687156
289924
270137
256358
744901
490430
571723
534800
256856
548625
938761
575859
44067
652336
114052
711130
194272
91087
584939
963870
294490
591247
762843
842503
398004
841866
477114
491751
470460
425606
437532
122226
236491
814341
482737
965853
756973
237052
430417
503876
210769
724704
564067
954021
608354
563751
21510
852340
529561
613019
539818
592327
19415
526528
926595
862685
71220
826047
627156
436371
93228
704049
649200
753611
198484
716169
900601
211757
45309
868586
750365
762686
537993
649353
272457
67921
606414
161429
697074
839802
452001
82621
432173
699429
188920
851166
881736
590116
327305
994266
779239
149958
665360
716950
763131
210969
261434
277794
923861
342368
108442
922757
493021
635832
67371
517997
755417
346913
460878
602082
272194
65305
352665
930791
901439
38257
475760
20307
373211
365506
194772
356936
822597
807624
11210
215285
830353
226031
668275
130179
553293
545922
887110
471019
4322
989436
93371
142904
340755
609171
583504
43514
415261
434595
172845
978629
786217
590331
667908
849439
320280
29107
750410
387317
332811
850485
580027
756640
493672
540415
858286
856978
550870
564806
304459
176463
691943
715934
385608
363361
331355
699926
13166
581616
217251
156155
334796
843755
38000
754075
497064
310686
600758
263672
504292
617896
536792
247487
529179
986001
727278
431000
884922
158517
720467
155340
949018
695396
589150
766854
596233
770336
358337
643030
886635
531999
515483
556607
826493
460853
136843
642960
741986
811835
133609
36437
777152
83393
111399
348606
174540
375305
246056
576692
258480
13386
897363
322668
912316
830116
427738
64986
1066
515915
976662
629739
200552
61422
946656
858717
44759
262560
229263
469540
460517
511881
775947
936368
930760
203558
622285
613799
910971
72395
227056
14927
245655
366304
492380
36258
296619
738211
8355
734347
23968
205568
357430
694846
49480
890918
889289
666372
376053
730424
613114
110526
468384
57951
242769
804167
158180
407592
715892
839183
713838
870366
715236
906356
946871
811822
714337
653972
954494
827122
59977
76813
805692
668042
885098
466913
488362
876581
312680
48114
197391
484001
968299
246196
336990
344603
839439
824446
864210
139262
500768
404168
39757
330905
440871
483028
708397
373083
847561
365997
536183
593491
107427
183898
128737
149252
588183
403393
690151
32052
599384
495321
368618
673373
609023
935861
726088
716332
758689
358351
814912
943504
721894
587821
785822
640595
458769
87391
625033
870585
857729
385509
143759
512571
48804
577351
689856
830823
352832
364781
481713
374969
226981
180632
110844
153241
611803
694445
356042
306939
489978
859105
701185
401110
47103
177778
801300
279389
676605
748191
383957
820160
307895
790126
381052
845269
231535
329292
866236
561311
9360
707434
320607
76774
373759
224711
41179
990522
242984
141850
301008
630874
390285
332848
29869
199165
299377
216432
539654
465157
619650
981541
696669
528335
849525
120200
460441
875804
139018
179540
34835
448573
444965
632026
516242
450277
44648
264812
170346
333476
382318
343577
852028
530591
703866
347517
941710
693716
654587
810307
897216
726937
757991
708233
537416
621327
494870
988995
334489
373614
355254
249208
517318
594609
952719
420643
650549
522480
992349
885571
640310
620837
331198
910070
926460
685274
527043
107227
425117
297992
872559
904998
414378
36688
771770
370917
954400
124794
407235
214526
277925
490024
57003
946414
156052
441828
141402
947088
369342
658606
280675
303223
278799
467738
606305
58903
727639
882724
880277
607600
577823
240740
821545
813658
32596
899000
22286
607171
286879
924133
749535
133156
550762
834383
677765
253373
967594
502966
869505
626742
588611
854183
916081
801422
188555
600020
24141
529214
925578
539010
84697
886347
50212
309069
893567
947210
487871
385764
950071
226982
103957
908651
557106
133415
236921
970242
8799
254793
875864
755308
78682
416747
794702
949500
641910
53710
459900
667598
864926
352745
38132
778379
78858
882041
658675
476094
567101
410811
975561
156005
253671
71766
33453
498863
16802
23118
20977
872506
540225
406566
521979
110645
640739
499491
582926
87244
989567
923415
758612
454557
989670
269507
885923
518567
528835
920999
956407
274870
93075
277365
845395
620832
531459
792979
148734
974462
492773
95343
688707
807152
657899
328765
954399
915022
497731
190729
344954
720837
133899
172313
847981
800055
205382
922005
585212
366716
105125
314087
916517
934107
437690
911583
658159
445616
769125
872417
421204
327697
565894
808786
285259
522779
708170
221017
997602
341903
56598
81624
986590
261284
853325
291882
265964
975662
400883
213967
812700
233082
138161
275656
762244
883604
955223
457373
190631
813203
798530
614580
815559
788915
757601
393077
7214
495988
503882
131711
418763
318546
564931
556185
771318
777014
427049
440086
554072
106486
157013
387555
121160
490671
301506
794000
45157
506206
796869
774487
55306
765373
300124
718738
880407
267595
293796
937718
840127
897051
597425
767635
231829
226721
932488
964622
356612
304986
488328
348176
110074
507102
879988
571908
928312
539111
33967
554508
737395
854177
249013
742130
793804
458589
823182
308864
660178
661019
912679
737662
465
411012
781813
192446
456886
937194
340052
898441
713520
309955
81675
592102
305031
269681
728276
769739
639388
467193
477203
453315
846369
33861
259616
71821
555976
737467
590727
492338
388849
154741
349496
736539
391139
190129
447596
472192
903984
313769
526552
459921
404598
659361
112828
163843
585302
668044
448452
53702
622142
635827
643064
698239
766718
739020
309589
276090
394869
21891
292392
887280
236473
267858
482606
194278
611223
234615
780674
531943
497158
366258
635906
950140
741936
520449
837935
151099
893145
816904
396340
171901
257248
283699
538579
598542
370809
387114
389517
1048
828430
212792
220763
361453
240133
85582
669004
882692
419124
419145
183679
580402
15477
996395
237132
473028
780388
419957
134584
948764
438520
149150
978441
56872
521453
877310
48219
45727
111032
172957
946585
472837
541307
326419
870147
11200
912132
937129
636175
329513
790750
684101
824345
409142
488132
315771
751347
123570
680926
843489
737959
906588
453535
53330
819626
478928
383362
519791
273022
199556
532330
595431
254788
679502
108675
321476
688014
176852
495998
94518
74752
958836
191183
140842
721929
237175
864977
579196
19709
448442
981113
360516
919157
600402
563108
75284
537840
360277
119371
714463
259786
743454
616039
377806
160160
188987
624882
803596
806797
238516
321816
544846
875468
11396
84228
782205
530641
110415
342046
886695
448708
594960
308915
253959
307132
629579
745488
594197
33742
902878
984938
541622
551168
967937
912775
524158
148786
819497
782728
56127
976974
580973
536608
870234
767235
111083
372698
76986
870252
222921
62631
381314
527387
268106
904683
223671
314160
949928
790857
9286
847242
948081
382577
55028
349682
329970
340281
297514
3949
217957
900926
876986
988363
75039
670508
350948
542149
595319
868953
558197
975346
1820
395103
537339
714775
524978
116151
404324
612553
204144
620493
663747
58791
342066
744328
614514
230999
134672
333820
854274
38010
991764
335055
779198
695602
228573
450503
458576
982831
230088
731145
722291
552449
178816
628579
931732
417945
738060
808282
199498
98239
722489
465062
90859
194460
319716
575120
415955
148019
861332
659369
861110
245006
612663
333923
514232
229293
701176
220237
584400
538667
725726
559402
227185
612628
525988
355045
231244
297376
406978
829068
846128
59382
479910
608517
397693
203046
89764
655907
855460
468136
517342
358693
940311
87576
484727
22492
525394
178626
404842
97407
725195
379230
127371
367324
429327
601262
126925
738289
787642
177742
784961
288696
512945
549702
276164
895204
480283
690994
902089
808850
475228
413105
593511
306305
767121
16587
850441
833696
274554
85493
236334
969408
151826
667484
300562
14873
474064
634776
921106
32956
987818
383544
387804
848859
794111
84301
48654
466854
843595
681810
866867
59893
773294
996855
397749
165489
19044
224828
939316
452987
290008
924587
176584
565733
460285
527684
984903
744718
660499
986582
71883
740598
419523
91707
687182
391371
847815
660988
465111
671705
932630
681683
106562
760405
258915
71074
483430
963967
70709
230191
739758
829315
887952
366474
449002
510625
847967
395095
538238
481217
359037
126168
836689
389705
520517
120747
704161
776185
35353
321776
705305
842303
647675
246851
808262
740498
931466
107270
32677
140733
395771
106916
877724
182676
931471
119598
309849
424947
544051
919496
640593
859008
501265
141366
896371
371799
491818
3342
743789
756518
290967
878666
535120
423762
71120
771439
729053
519369
823852
108851
283628
175449
952113
594452
428851
611613
64449
557382
664289
736308
105403
995743
569769
876670
330831
448867
550218
833378
339938
772881
133654
83126
431649
318052
768707
412243
86140
110889
247985
961415
961578
400379
538321
29158
785320
659506
7120
775310
520811
781375
760720
829845
929733
881078
422249
872801
196165
862080
565776
236839
331521
627496
828338
916424
636071
241932
742436
606799
323365
33131
59316
600907
238839
963141
901478
388351
428884
675025
71601
329077
842053
213441
943325
104803
794966
481188
463012
42919
317288
398909
853892
960241
401996
964829
709097
625239
512052
414038
261854
383307
291605
941240
864495
125850
981547
157309
259103
360757
252893
208100
625070
84759
303565
348929
191275
299724
879645
469849
518129
523898
962068
724108
243424
899630
939653
83959
134309
63068
185792
685295
41514
690630
154723
994817
693657
561235
668468
888019
528741
364343
680850
528928
934993
202067
355726
757804
600656
981159
6094
359359
515611
290898
406604
843419
16478
94520
363493
776039
201733
24738
896212
605272
493263
947254
857402
508173
279642
59240
439639
246981
291282
501772
253698
283566
176518
75701
27946
281954
524389
875151
918862
126051
400704
695063
862418
500715
629134
628597
795645
620268
73320
733701
279949
759782
957024
29389
307161
633459
79349
646508
136158
454919
80304
529132
393029
460012
536673
618535
699644
851120
722028
74629
859730
404747
251301
413388
717188
471058
695110
107058
781448
957253
631207
289739
636402
568627
864220
170908
176617
769066
120229
987646
811962
168302
72193
435140
581829
483182
805957
676832
133683
184576
69099
322069
529817
769559
272556
187754
634294
261929
466141
46894
887970
801024
962668
4658
321672
924869
395530
664801
20755
389599
146106
272463
123743
253844
560527
745344
683977
343931
652784
838835
474954
53023
251524
241466
169304
910687
419232
871460
324258
640376
766671
281708
411455
895984
760617
528044
660432
498657
283186
937720
538531
507928
571507
962046
461631
349026
484423
403787
844877
791988
600580
931991
766284
524011
974406
653215
204605
873540
532565
884453
900298
787157
209912
439211
426732
271539
434674
425374
116908
537554
202894
418785
776378
40338
941754
484160
118086
533440
622809
436555
116326
807213
917731
29392
450265
466087
961857
369945
726909
597941
340288
376476
153798
475560
354296
574868
647691
541171
963565
690736
168145
974664
553755
300929
744389
642997
559009
324517
651951
372029
781485
419373
791761
478171
265764
436142
827587
813657
701548
740110
636156
365360
49360
20506
476256
425025
740171
560676
863646
322719
247599
246205
982956
880832
288361
249421
161483
191932
436925
151822
277640
942662
212644
489591
879275
845123
313237
923597
454615
997488
970460
277913
526728
284680
229618
394769
144292
597405
989535
547643
372033
920045
965988
748916
381361
276721
921966
644127
74441
122644
632878
958803
130197
594750
757492
777748
680869
561827
335151
41849
114196
152866
303596
755834
141274
769555
920525
323075
409123
59692
966443
633255
425177
673412
318370
905536
224166
762790
954629
806547
286744
576637
292897
662393
35550
797013
961404
588267
916049
822216
933026
565288
823839
458648
582072
75886
276366
14165
367696
846470
296052
70789
44741
421269
575353
14132
511696
421328
741384
666860
166023
921881
439017
360210
392292
608172
872743
793356
210726
757960
861056
749035
642179
350761
556289
735717
510230
565590
927014
673601
180458
570132
894308
290133
268101
243878
940044
715193
445460
314119
263312
709615
7508
714816
350987
860318
327246
838712
444279
686928
789940
4412
726644
410746
941993
210110
645759
638350
855483
607606
65637
88908
840799
896578
487853
752636
719251
733546
307192
902179
179328
120610
21259
641941
459397
10449
365833
950769
678958
350886
140324
181096
520736
930329
134029
980171
951328
203297
97351
194964
639752
469961
556698
488841
712408
199039
386620
22976
988326
215823
623562
384571
488648
87414
69362
289114
701547
471962
159903
294441
896171
561775
266359
500339
79141
900813
312632
381794
268820
428984
284356
566224
442300
431002
510837
500491
991217
181316
799444
888328
996122
520519
314896
39046
778307
816010
45406
607520
120624
412235
986539
8995
617939
819022
326487
214189
892363
138083
882398
107293
849575
434224
917179
679498
219395
12114
572196
298802
743675
887461
188080
429301
678882
814755
857336
643991
385692
284954
509568
731624
431788
716349
131675
810091
872560
229391
198554
177516
626661
962592
770902
731024
671183
984611
900815
485066
106336
807750
316392
308369
805630
346739
478992
894278
665642
331129
679233
856751
385701
368082
494251
823335
715079
648352
515120
361119
617953
888448
453951
660566
443384
352714
696988
461280
163998
953102
401908
324621
773848
416900
105755
90342
628694
311378
809926
251620
171246
982576
983585
848010
180090
237197
156739
618557
403837
982959
259020
167569
483705
600919
938628
550451
875038
71565
487999
710684
734113
635280
612090
942708
711900
949833
170159
299573
463842
460816
480471
904734
374202
625178
573610
277493
87228
624989
146060
166675
404029
622243
806686
659510
290270
237103
765183
645995
62329
284919
253594
426084
33238
63469
782650
313341
290206
771652
389920
329091
636460
456211
205864
185012
415966
959707
682626
12547
682691
421053
858969
251974
293331
665250
533914
619905
548202
973829
939150
411366
589335
618622
303424
814156
825367
706849
53005
869338
318536
768168
549205
617147
395647
433416
655478
962166
107993
595672
903015
648756
252693
703796
221011
602501
560255
15298
914334
937600
868730
277919
560628
703202
246683
865531
473823
551775
260229
573778
882428
178817
353737
552314
720499
146278
854365
483682
44467
140023
736991
686233
568289
316076
150706
756757
527335
209725
248909
358696
717672
301833
589214
533156
928208
541939
553048
346097
244118
24098
327941
496535
122584
167201
308873
413995
362205
146900
847702
425541
777292
952354
850604
300105
309002
463644
881558
86913
253814
231491
257977
413409
216061
60676
338308
545225
607259
482970
755090
